Times,H,V,M
0.0,1.0,-0.01,0.0
0.0015341680756939071,0.9999846583192431,-0.01,1.0
0.0030683361513878142,0.9999693166384862,-0.01,1.0
0.004602504227081722,0.9999539749577293,-0.01,1.0
0.0061366723027756285,0.9999386332769724,-0.01,1.0
0.007670840378469535,0.9999232915962155,-0.01,1.0
0.009205008454163444,0.9999079499154586,-0.01,1.0
0.01073917652985735,0.9998926082347017,-0.01,1.0
0.012273344605551257,0.9998772665539448,-0.01,1.0
0.013807512681245164,0.9998619248731879,-0.01,1.0
0.01534168075693907,0.999846583192431,-0.01,1.0
0.01687584883263298,0.9998312415116741,-0.01,1.0
0.018410016908326887,0.9998158998309172,-0.01,1.0
0.019944184984020792,0.9998005581501603,-0.01,1.0
0.0214783530597147,0.9997852164694034,-0.01,1.0
0.023012521135408606,0.9997698747886465,-0.01,1.0
0.024546689211102514,0.9997545331078896,-0.01,1.0
0.026080857286796422,0.9997391914271327,-0.01,1.0
0.027615025362490327,0.9997238497463758,-0.01,1.0
0.029149193438184236,0.999708508065619,-0.01,1.0
0.03068336151387814,0.999693166384862,-0.01,1.0
0.03221752958957205,0.9996778247041052,-0.01,1.0
0.03375169766526596,0.9996624830233483,-0.01,1.0
0.03528586574095986,0.9996471413425914,-0.01,1.0
0.036820033816653774,0.9996317996618345,-0.01,1.0
0.03835420189234768,0.9996164579810776,-0.01,1.0
0.039888369968041584,0.9996011163003207,-0.01,1.0
0.04142253804373549,0.9995857746195638,-0.01,1.0
0.0429567061194294,0.9995704329388069,-0.01,1.0
0.044490874195123306,0.99955509125805,-0.01,1.0
0.04602504227081721,0.9995397495772931,-0.01,1.0
0.04755921034651112,0.9995244078965362,-0.01,1.0
0.04909337842220503,0.9995090662157793,-0.01,1.0
0.05062754649789893,0.9994937245350224,-0.01,1.0
0.052161714573592845,0.9994783828542655,-0.01,1.0
0.05369588264928675,0.9994630411735086,-0.01,1.0
0.055230050724980655,0.9994476994927517,-0.01,1.0
0.05676421880067457,0.9994323578119948,-0.01,1.0
0.05829838687636847,0.9994170161312379,-0.01,1.0
0.059832554952062376,0.999401674450481,-0.01,1.0
0.06136672302775628,0.9993863327697241,-0.01,1.0
0.0629008911034502,0.9993709910889672,-0.01,1.0
0.0644350591791441,0.9993556494082103,-0.01,1.0
0.065969227254838,0.9993403077274534,-0.01,1.0
0.06750339533053192,0.9993249660466965,-0.01,1.0
0.06903756340622583,0.9993096243659396,-0.01,1.0
0.07057173148191973,0.9992942826851827,-0.01,1.0
0.07210589955761364,0.9992789410044258,-0.01,1.0
0.07364006763330755,0.9992635993236689,-0.01,1.0
0.07517423570900145,0.999248257642912,-0.01,1.0
0.07670840378469536,0.9992329159621551,-0.01,1.0
0.07824257186038926,0.9992175742813982,-0.01,1.0
0.07977673993608317,0.9992022326006413,-0.01,1.0
0.08131090801177708,0.9991868909198844,-0.01,1.0
0.08284507608747098,0.9991715492391275,-0.01,1.0
0.08437924416316489,0.9991562075583706,-0.01,1.0
0.0859134122388588,0.9991408658776137,-0.01,1.0
0.0874475803145527,0.9991255241968569,-0.01,1.0
0.08898174839024661,0.9991101825161,-0.01,1.0
0.09051591646594052,0.9990948408353431,-0.01,1.0
0.09205008454163442,0.9990794991545862,-0.01,1.0
0.09358425261732833,0.9990641574738293,-0.01,1.0
0.09511842069302225,0.9990488157930724,-0.01,1.0
0.09665258876871614,0.9990334741123155,-0.01,1.0
0.09818675684441006,0.9990181324315586,-0.01,1.0
0.09972092492010397,0.9990027907508017,-0.01,1.0
0.10125509299579787,0.9989874490700448,-0.01,1.0
0.10278926107149178,0.9989721073892879,-0.01,1.0
0.10432342914718569,0.998956765708531,-0.01,1.0
0.10585759722287959,0.9989414240277741,-0.01,1.0
0.1073917652985735,0.9989260823470172,-0.01,1.0
0.10892593337426741,0.9989107406662603,-0.01,1.0
0.11046010144996131,0.9988953989855034,-0.01,1.0
0.11199426952565522,0.9988800573047465,-0.01,1.0
0.11352843760134913,0.9988647156239896,-0.01,1.0
0.11506260567704303,0.9988493739432327,-0.01,1.0
0.11659677375273694,0.9988340322624758,-0.01,1.0
0.11813094182843085,0.9988186905817189,-0.01,1.0
0.11966510990412475,0.998803348900962,-0.01,1.0
0.12119927797981866,0.9987880072202051,-0.01,1.0
0.12273344605551256,0.9987726655394482,-0.01,1.0
0.12426761413120647,0.9987573238586913,-0.01,1.0
0.1258017822069004,0.9987419821779344,-0.01,1.0
0.12733595028259428,0.9987266404971775,-0.01,1.0
0.1288701183582882,0.9987112988164206,-0.01,1.0
0.1304042864339821,0.9986959571356637,-0.01,1.0
0.131938454509676,0.9986806154549068,-0.01,1.0
0.13347262258536993,0.9986652737741499,-0.01,1.0
0.13500679066106383,0.998649932093393,-0.01,1.0
0.13654095873675773,0.9986345904126361,-0.01,1.0
0.13807512681245165,0.9986192487318792,-0.01,1.0
0.13960929488814555,0.9986039070511223,-0.01,1.0
0.14114346296383945,0.9985885653703654,-0.01,1.0
0.14267763103953338,0.9985732236896085,-0.01,1.0
0.14421179911522727,0.9985578820088516,-0.01,1.0
0.14574596719092117,0.9985425403280948,-0.01,1.0
0.1472801352666151,0.9985271986473379,-0.01,1.0
0.148814303342309,0.998511856966581,-0.01,1.0
0.1503484714180029,0.9984965152858241,-0.01,1.0
0.1518826394936968,0.9984811736050672,-0.01,1.0
0.15341680756939072,0.9984658319243103,-0.01,1.0
0.15495097564508462,0.9984504902435534,-0.01,1.0
0.1564851437207785,0.9984351485627965,-0.01,1.0
0.15801931179647244,0.9984198068820396,-0.01,1.0
0.15955347987216634,0.9984044652012827,-0.01,1.0
0.16108764794786024,0.9983891235205258,-0.01,1.0
0.16262181602355416,0.9983737818397689,-0.01,1.0
0.16415598409924806,0.998358440159012,-0.01,1.0
0.16569015217494196,0.9983430984782551,-0.01,1.0
0.16722432025063588,0.9983277567974982,-0.01,1.0
0.16875848832632978,0.9983124151167413,-0.01,1.0
0.17029265640202368,0.9982970734359844,-0.01,1.0
0.1718268244777176,0.9982817317552275,-0.01,1.0
0.1733609925534115,0.9982663900744706,-0.01,1.0
0.1748951606291054,0.9982510483937137,-0.01,1.0
0.17642932870479933,0.998235707550778,-0.009999453892176862,2.0
0.17796349678049322,0.9982203723322017,-0.009995787827440261,2.0
0.17949766485618712,0.9982050374789981,-0.009995549670598925,2.0
0.18103183293188105,0.9981897031477172,-0.009995209471445526,2.0
0.18256600100757495,0.9981743694820858,-0.009994775588349913,2.0
0.18410016908326884,0.9981590366116435,-0.009994257268943284,2.0
0.18563433715896277,0.9981437046511238,-0.009993664164107118,2.0
0.18716850523465667,0.9981283737005258,-0.009993005877865559,2.0
0.18870267331035057,0.9981130438457853,-0.009992291577051777,2.0
0.1902368413860445,0.9980977151599266,-0.00999152967756822,2.0
0.1917710094617384,0.9980823877045643,-0.009990727616605386,2.0
0.1933051775374323,0.9980670615316186,-0.009989891712980686,2.0
0.1948393456131262,0.9980517366851172,-0.009989027111319533,2.0
0.1963735136888201,0.9980364132029679,-0.00998813780059269,2.0
0.197907681764514,0.9980210911186097,-0.009987226693718213,2.0
0.19944184984020794,0.9980057704624714,-0.009986295752740047,2.0
0.20097601791590183,0.9979904512631935,-0.009985346143347774,2.0
0.20251018599159573,0.9979751335485918,-0.009984378403144046,2.0
0.20404435406728966,0.9979598173463627,-0.009983392609774516,2.0
0.20557852214298356,0.9979445026845493,-0.00998238853753403,2.0
0.20711269021867745,0.9979291895917962,-0.009981365794023362,2.0
0.20864685829437138,0.9979138780974354,-0.009980323931521824,2.0
0.21018102637006528,0.9978985682314417,-0.009979262530711774,2.0
0.21171519444575918,0.9978832600243038,-0.009978181256987555,2.0
0.2132493625214531,0.9978679535068453,-0.00997707989168266,2.0
0.214783530597147,0.9978526487100325,-0.009975958342042296,2.0
0.2163176986728409,0.9978373456647908,-0.00997481663465467,2.0
0.21785186674853482,0.9978220444018492,-0.00997365489736764,2.0
0.21938603482422872,0.9978067449516237,-0.009972473334527611,2.0
0.22092020289992262,0.9977914473441407,-0.009971272199821468,2.0
0.22245437097561654,0.9977761516090019,-0.009970051770175441,2.0
0.22398853905131044,0.997760857775383,-0.009968812323222173,2.0
0.22552270712700434,0.9977455658720595,-0.009967554119865756,2.0
0.22705687520269827,0.9977302759274503,-0.009966277392592524,2.0
0.22859104327839216,0.9977149879696704,-0.009964982339416596,2.0
0.23012521135408606,0.9976997020265854,-0.009963669122780558,2.0
0.23165937942978,0.9976844181258624,-0.009962337872368532,2.0
0.23319354750547389,0.9976691362950109,-0.009960988690607575,2.0
0.23472771558116778,0.9976538565614147,-0.009959621659628095,2.0
0.2362618836568617,0.9976385789523514,-0.009958236848575157,2.0
0.2377960517325556,0.9976233034950022,-0.00995683432038162,2.0
0.2393302198082495,0.9976080302164523,-0.009955414137369199,2.0
0.24086438788394343,0.9975927591436864,-0.009953976365322609,2.0
0.24239855595963733,0.997577490303579,-0.009952521075931482,2.0
0.24393272403533123,0.9975622237228843,-0.009951048347697148,2.0
0.24546689211102513,0.997546959428226,-0.009949558265562862,2.0
0.24700106018671905,0.9975316974460898,-0.009948050919602519,2.0
0.24853522826241295,0.9975164378028181,-0.009946526403145486,2.0
0.2500693963381069,0.9975011805246082,-0.009944984810691875,2.0
0.2516035644138008,0.997485925637514,-0.009943426235918963,2.0
0.25313773248949467,0.9974706731674494,-0.009941850770006295,2.0
0.25467190056518857,0.997455423140194,-0.009940258500414119,2.0
0.25620606864088247,0.9974401755814,-0.009938649510176237,2.0
0.2577402367165764,0.9974249305165994,-0.009937023877681061,2.0
0.2592744047922703,0.9974096879712109,-0.009935381676877915,2.0
0.2608085728679642,0.9973944479705456,-0.009933722977793288,2.0
0.2623427409436581,0.997379210539812,-0.009932047847242087,2.0
0.263876909019352,0.9973639757041202,-0.009930356349605627,2.0
0.2654110770950459,0.9973487434884837,-0.009928648547583217,2.0
0.26694524517073986,0.9973335139178217,-0.009926924502828996,2.0
0.26847941324643376,0.9973182870169593,-0.009925184276432516,2.0
0.27001358132212766,0.9973030628106289,-0.009923427929219424,2.0
0.27154774939782156,0.9972878413234691,-0.009921655521877093,2.0
0.27308191747351546,0.9972726225800262,-0.009919867114933536,2.0
0.27461608554920935,0.9972574066047539,-0.00991806276862545,2.0
0.2761502536249033,0.997242193422014,-0.00991624254269797,2.0
0.2776844217005972,0.9972269830560782,-0.009914406496181211,2.0
0.2792185897762911,0.9972117755311285,-0.009912554687176807,2.0
0.280752757851985,0.99719657087126,-0.009910687172686347,2.0
0.2822869259276789,0.9971813691004818,-0.009908804008495677,2.0
0.2838210940033728,0.9971661702427197,-0.00990690524912041,2.0
0.28535526207906675,0.9971509743218175,-0.009904990947816926,2.0
0.28688943015476065,0.9971357813615394,-0.00990306115663795,2.0
0.28842359823045455,0.9971205913855711,-0.009901115926528174,2.0
0.28995776630614845,0.997105404417522,-0.009899155307440998,2.0
0.29149193438184234,0.9970902204809262,-0.00989717934845666,2.0
0.29302610245753624,0.9970750395992435,-0.009895188097895387,2.0
0.2945602705332302,0.9970598617958605,-0.009893181603408992,2.0
0.2960944386089241,0.9970446870940918,-0.009891159912053292,2.0
0.297628606684618,0.9970295155171807,-0.009889123070331175,2.0
0.2991627747603119,0.9970143470882998,-0.009887071124212998,2.0
0.3006969428360058,0.9969991818305521,-0.00988500411913961,2.0
0.3022311109116997,0.9969840197669717,-0.009882922100009623,2.0
0.3037652789873936,0.9969688609205246,-0.009880825111159503,2.0
0.30529944706308754,0.9969537053141099,-0.009878713196343428,2.0
0.30683361513878143,0.9969385529705601,-0.009876586398716193,2.0
0.30836778321447533,0.9969234039126429,-0.009874444760821895,2.0
0.30990195129016923,0.9969082581630613,-0.009872288324592596,2.0
0.31143611936586313,0.9968931157444549,-0.00987011713135665,2.0
0.312970287441557,0.9968779766794013,-0.009867931221852134,2.0
0.314504455517251,0.9968628409904158,-0.009865730636251088,2.0
0.3160386235929449,0.9968477086999532,-0.009863515414182714,2.0
0.3175727916686388,0.9968325798304084,-0.009861285594762568,2.0
0.3191069597443327,0.996817454404117,-0.009859041216617627,2.0
0.3206411278200266,0.9968023324433557,-0.009856782317910217,2.0
0.32217529589572047,0.9967872139703439,-0.009854508936358424,2.0
0.3237094639714144,0.9967720990072434,-0.009852221109252305,2.0
0.3252436320471083,0.9967569875761596,-0.009849918873464366,2.0
0.3267778001228022,0.9967418796991419,-0.009847602265459224,2.0
0.3283119681984961,0.9967267753981842,-0.009845271321297764,2.0
0.32984613627419,0.996711674695226,-0.009842926076641523,2.0
0.3313803043498839,0.9966965776121526,-0.009840566566755636,2.0
0.33291447242557787,0.9966814841707956,-0.009838192826511771,2.0
0.33444864050127177,0.996666394392934,-0.009835804890391849,2.0
0.33598280857696566,0.9966513083002944,-0.009833402792493427,2.0
0.33751697665265956,0.9966362259145514,-0.009830986566536352,2.0
0.33905114472835346,0.9966211472573288,-0.009828556245870649,2.0
0.34058531280404736,0.9966060723501996,-0.009826111863484558,2.0
0.3421194808797413,0.9965910012146868,-0.00982365345201464,2.0
0.3436536489554352,0.9965759338722638,-0.009821181043755366,2.0
0.3451878170311291,0.9965608703443551,-0.009818694670668511,2.0
0.346721985106823,0.9965458106523365,-0.009816194364391184,2.0
0.3482561531825169,0.9965307548175357,-0.009813680156245822,2.0
0.3497903212582108,0.996515702861233,-0.009811152077245961,2.0
0.35132448933390475,0.9965006548046615,-0.009808610158103675,2.0
0.35285865740959865,0.9964856106690076,-0.009806054429234448,2.0
0.35439282548529255,0.9964705704754117,-0.009803484920763736,2.0
0.35592699356098645,0.996455534244968,-0.009800901662530172,2.0
0.35746116163668035,0.9964405019987258,-0.009798304684090459,2.0
0.35899532971237424,0.9964254737576892,-0.009795694014724523,2.0
0.3605294977880682,0.9964104495428178,-0.00979306968343818,2.0
0.3620636658637621,0.9963954293750272,-0.009790431718969522,2.0
0.363597833939456,0.9963804132751896,-0.009787780149792008,2.0
0.3651320020151499,0.9963654012641332,-0.00978511500412037,2.0
0.3666661700908438,0.996350393362644,-0.009782436309914308,2.0
0.3682003381665377,0.9963353895914652,-0.009779744094884772,2.0
0.36973450624223164,0.9963203899712978,-0.009777038386498177,2.0
0.37126867431792554,0.9963053945228011,-0.009774319211980735,2.0
0.37280284239361944,0.996290403266593,-0.009771586598323879,2.0
0.37433701046931334,0.9962754162232504,-0.00976884057228911,2.0
0.37587117854500723,0.9962604334133095,-0.009766081160410589,2.0
0.37740534662070113,0.9962454548572659,-0.009763308389000636,2.0
0.3789395146963951,0.9962304805755755,-0.009760522284153342,2.0
0.380473682772089,0.9962155105886542,-0.009757722871747388,2.0
0.3820078508477829,0.9962005449168787,-0.009754910177450327,2.0
0.3835420189234768,0.9961855835805866,-0.00975208422672141,2.0
0.3850761869991707,0.9961706266000767,-0.009749245044815414,2.0
0.3866103550748646,0.9961556739956094,-0.009746392656785082,2.0
0.38814452315055853,0.9961407257874072,-0.00974352708748535,2.0
0.3896786912262524,0.9961257819956543,-0.009740648361575163,2.0
0.3912128593019463,0.9961108426404977,-0.009737756503522646,2.0
0.3927470273776402,0.996095907742047,-0.009734851537605322,2.0
0.3942811954533341,0.9960809773203751,-0.009731933487916886,2.0
0.395815363529028,0.996066051395518,-0.00972900237836631,2.0
0.3973495316047219,0.996051129987475,-0.009726058232684116,2.0
0.39888369968041587,0.9960362131162099,-0.009723101074423156,2.0
0.40041786775610977,0.9960213008016502,-0.009720130926962996,2.0
0.40195203583180367,0.9960063930636879,-0.009717147813510959,2.0
0.40348620390749756,0.9959914899221797,-0.009714151757106193,2.0
0.40502037198319146,0.9959765913969472,-0.009711142780622154,2.0
0.40655454005888536,0.9959616975077771,-0.009708120906767832,2.0
0.4080887081345793,0.9959468082744215,-0.009705086158091914,2.0
0.4096228762102732,0.9959319237165982,-0.009702038556983615,2.0
0.4111570442859671,0.9959170438539909,-0.009698978125676449,2.0
0.412691212361661,0.9959021687062495,-0.009695904886249286,2.0
0.4142253804373549,0.99588729829299,-0.009692818860628904,2.0
0.4157595485130488,0.9958724326337953,-0.009689720070593261,2.0
0.41729371658874276,0.9958575717482149,-0.009686608537771885,2.0
0.41882788466443666,0.9958427156557654,-0.009683484283649707,2.0
0.42036205274013055,0.9958278643759307,-0.009680347329567882,2.0
0.42189622081582445,0.9958130179281622,-0.009677197696726519,2.0
0.42343038889151835,0.995798176331879,-0.009674035406186615,2.0
0.42496455696721225,0.9957833396064678,-0.009670860478871895,2.0
0.4264987250429062,0.9957685077712838,-0.009667672935571355,2.0
0.4280328931186001,0.9957536808456503,-0.009664472796939324,2.0
0.429567061194294,0.9957388588488593,-0.009661260083500676,2.0
0.4311012292699879,0.9957240418001712,-0.009658034815648727,2.0
0.4326353973456818,0.9957092297188155,-0.009654797013649885,2.0
0.4341695654213757,0.9956944226239909,-0.009651546697644332,2.0
0.43570373349706965,0.9956796205348653,-0.00964828388764778,2.0
0.43723790157276354,0.9956648234705758,-0.009645008603552824,2.0
0.43877206964845744,0.9956500314502298,-0.009641720865131587,2.0
0.44030623772415134,0.995635244492904,-0.009638420692035842,2.0
0.44184040579984524,0.9956204626176453,-0.009635108103800282,2.0
0.44337457387553914,0.9956056858434708,-0.009631783119842523,2.0
0.4449087419512331,0.9955909141893681,-0.009628445759466146,2.0
0.446442910026927,0.9955761476742951,-0.0096250960418606,2.0
0.4479770781026209,0.9955613863171808,-0.00962173398610391,2.0
0.4495112461783148,0.9955466301369248,-0.009618359611163687,2.0
0.4510454142540087,0.9955318791523978,-0.009614972935898114,2.0
0.4525795823297026,0.995517133382442,-0.009611573979058556,2.0
0.45411375040539653,0.9955023928458706,-0.009608162759289628,2.0
0.45564791848109043,0.9954876575614686,-0.009604739295131068,2.0
0.45718208655678433,0.9954729275479928,-0.009601303605019184,2.0
0.4587162546324782,0.9954582028241715,-0.009597855707288412,2.0
0.4602504227081721,0.9954434834087055,-0.009594395620171475,2.0
0.461784590783866,0.9954287693202674,-0.009590923361801939,2.0
0.46331875885956,0.9954140605775023,-0.009587438950214602,2.0
0.4648529269352539,0.9953993571990277,-0.009583942403347328,2.0
0.46638709501094777,0.995384659203434,-0.009580433739041038,2.0
0.46792126308664167,0.995369966609284,-0.009576912975043048,2.0
0.46945543116233557,0.9953552794351136,-0.009573380129005623,2.0
0.47098959923802947,0.9953405976994317,-0.009569835218489031,2.0
0.4725237673137234,0.9953259214207205,-0.009566278260961925,2.0
0.4740579353894173,0.9953112506174355,-0.009562709273802239,2.0
0.4755921034651112,0.9952965853080057,-0.009559128274299122,2.0
0.4771262715408051,0.9952819255108335,-0.009555535279652892,2.0
0.478660439616499,0.9952672712442953,-0.009551930306976247,2.0
0.4801946076921929,0.9952526225267412,-0.00954831337329666,2.0
0.48172877576788686,0.9952379793764955,-0.009544684495555483,2.0
0.48326294384358076,0.9952233418118566,-0.009541043690610339,2.0
0.48479711191927466,0.995208709851097,-0.00953739097523523,2.0
0.48633127999496856,0.9951940835124637,-0.0095337263661217,2.0
0.48786544807066246,0.9951794628141782,-0.00953004987988012,2.0
0.48939961614635635,0.9951648477744367,-0.009526361533040621,2.0
0.49093378422205025,0.99515023841141,-0.00952266134205349,2.0
0.4924679522977442,0.9951356347432441,-0.009518949323289772,2.0
0.4940021203734381,0.9951210367880596,-0.009515225493044167,2.0
0.495536288449132,0.9951064445639526,-0.009511489867533132,2.0
0.4970704565248259,0.9950918580889941,-0.009507742462897385,2.0
0.4986046246005198,0.9950772773812308,-0.009503983295203071,2.0
0.5001387926762138,0.9950627024586843,-0.009500212380441143,2.0
0.5016729607519076,0.9950481333393526,-0.00949642973452926,2.0
0.5032071288276015,0.9950335700412086,-0.00949263537331261,2.0
0.5047412969032954,0.9950190125822016,-0.009488829312563804,2.0
0.5062754649789893,0.9950044609802564,-0.009485011567984926,2.0
0.5078096330546833,0.9949899152532741,-0.009481182155207098,2.0
0.5093438011303771,0.9949753754191316,-0.009477341089791962,2.0
0.5108779692060711,0.9949608414956824,-0.009473488387232082,2.0
0.5124121372817649,0.9949463135007562,-0.009469624062952438,2.0
0.5139463053574589,0.994931791452159,-0.009465748132309703,2.0
0.5154804734331528,0.9949172753676736,-0.009461860610594187,2.0
0.5170146415088467,0.9949027652650592,-0.009457961513030392,2.0
0.5185488095845406,0.9948882611620518,-0.009454050854776788,2.0
0.5200829776602345,0.9948737630763643,-0.009450128650927868,2.0
0.5216171457359284,0.9948592710256866,-0.00944619491651337,2.0
0.5231513138116223,0.9948447850276856,-0.009442249666500889,2.0
0.5246854818873162,0.9948303051000051,-0.009438292915793815,2.0
0.5262196499630102,0.9948158312602665,-0.009434324679234392,2.0
0.527753818038704,0.9948013635260683,-0.009430344971603222,2.0
0.529287986114398,0.9947869019149864,-0.009426353807620583,2.0
0.5308221541900918,0.9947724464445744,-0.009422351201945445,2.0
0.5323563222657858,0.9947579971323633,-0.009418337169178405,2.0
0.5338904903414797,0.994743553995862,-0.00941431172386046,2.0
0.5354246584171736,0.9947291170525568,-0.009410274880473852,2.0
0.5369588264928675,0.9947146863199123,-0.009406226653444223,2.0
0.5384929945685614,0.994700261815371,-0.00940216705713895,2.0
0.5400271626442553,0.994685843556353,-0.009398096105869093,2.0
0.5415613307199492,0.9946714315602572,-0.009394013813889556,2.0
0.5430954987956431,0.99465702584446,-0.009389920195399649,2.0
0.5446296668713371,0.9946426264263168,-0.009385815264543964,2.0
0.5461638349470309,0.994628233323161,-0.009381699035412052,2.0
0.5476980030227249,0.9946138465523043,-0.009377571522040528,2.0
0.5492321710984187,0.9945994661310374,-0.009373432738410913,2.0
0.5507663391741127,0.9945850920766294,-0.009369282698453945,2.0
0.5523005072498066,0.9945707244063279,-0.00936512141604633,2.0
0.5538346753255005,0.9945563631373596,-0.00936094890501338,2.0
0.5553688434011944,0.9945420082869301,-0.00935676517912931,2.0
0.5569030114768883,0.9945276598722236,-0.009352570252116676,2.0
0.5584371795525822,0.9945133179104036,-0.009348364137648701,2.0
0.559971347628276,0.9944989824186128,-0.009344146849347618,2.0
0.56150551570397,0.9944846534139727,-0.009339918400786717,2.0
0.563039683779664,0.9944703309135844,-0.009335678805490239,2.0
0.5645738518553578,0.9944560149345282,-0.009331428076933707,2.0
0.5661080199310518,0.9944417054938637,-0.009327166228544532,2.0
0.5676421880067456,0.99442740260863,-0.009322893273702853,2.0
0.5691763560824395,0.994413106295846,-0.009318609225740534,2.0
0.5707105241581335,0.99439881657251,-0.00931431409794438,2.0
0.5722446922338273,0.9943845334555999,-0.009310007903552873,2.0
0.5737788603095213,0.9943702569620735,-0.009305690655760207,2.0
0.5753130283852151,0.9943559871088685,-0.009301362367713804,2.0
0.5768471964609091,0.9943417239129023,-0.00929702305251714,2.0
0.5783813645366029,0.9943274673910725,-0.009292672723227634,2.0
0.5799155326122969,0.9943132175602565,-0.009288311392859815,2.0
0.5814497006879908,0.9942989744373119,-0.009283939074383487,2.0
0.5829838687636847,0.9942847380390765,-0.009279555780724898,2.0
0.5845180368393786,0.9942705083823683,-0.009275161524767622,2.0
0.5860522049150725,0.9942562854839856,-0.009270756319352235,2.0
0.5875863729907664,0.9942420693607071,-0.009266340177276748,2.0
0.5891205410664604,0.994227860029292,-0.009261913111298063,2.0
0.5906547091421542,0.9942136575064797,-0.00925747513413018,2.0
0.5921888772178482,0.9941994618089904,-0.009253026258447046,2.0
0.593723045293542,0.994185272953525,-0.009248566496880764,2.0
0.595257213369236,0.9941710909567648,-0.009244095862023877,2.0
0.5967913814449298,0.9941569158353721,-0.009239614366427533,2.0
0.5983255495206238,0.9941427476059899,-0.009235122022604592,2.0
0.5998597175963177,0.994128586285242,-0.009230618843026858,2.0
0.6013938856720116,0.9941144318897333,-0.00922610484012801,2.0
0.6029280537477055,0.9941002844360495,-0.009221580026302773,2.0
0.6044622218233994,0.9940861439407574,-0.009217044413907036,2.0
0.6059963898990933,0.994072010420405,-0.009212498015259009,2.0
0.6075305579747872,0.9940578838915214,-0.009207940842638615,2.0
0.6090647260504811,0.9940437643706168,-0.009203372908288376,2.0
0.6105988941261751,0.9940296518741828,-0.009198794224414364,2.0
0.6121330622018689,0.9940155464186924,-0.009194204803184525,2.0
0.6136672302775629,0.9940014480205998,-0.009189604656731241,2.0
0.6152013983532567,0.9939873566963408,-0.009184993797149939,2.0
0.6167355664289507,0.9939732724623326,-0.009180372236500919,2.0
0.6182697345046446,0.9939591953349739,-0.00917573998680814,2.0
0.6198039025803385,0.9939451253306453,-0.009171097060060376,2.0
0.6213380706560324,0.9939310624657087,-0.009166443468211565,2.0
0.6228722387317263,0.993917006756508,-0.00916177922318051,2.0
0.6244064068074202,0.9939029582193686,-0.009157104336851785,2.0
0.625940574883114,0.9938889168705979,-0.00915241882107567,2.0
0.627474742958808,0.9938748827264852,-0.009147722687668985,2.0
0.629008911034502,0.9938608558033015,-0.009143015948413427,2.0
0.6305430791101958,0.9938468361173002,-0.009138298615059565,2.0
0.6320772471858898,0.9938328236847161,-0.009133570699322677,2.0
0.6336114152615836,0.9938188185217668,-0.009128832212886745,2.0
0.6351455833372776,0.9938048206446514,-0.00912408316740246,2.0
0.6366797514129715,0.9937908300695515,-0.00911932357448844,2.0
0.6382139194886653,0.9937768468126309,-0.009114553445731009,2.0
0.6397480875643593,0.9937628708900356,-0.009109772792685138,2.0
0.6412822556400531,0.9937489023178938,-0.009104981626873622,2.0
0.6428164237157471,0.9937349411123164,-0.009100179959788896,2.0
0.6443505917914409,0.9937209872893965,-0.009095367802891495,2.0
0.6458847598671349,0.9937070408652097,-0.009090545167611432,2.0
0.6474189279428288,0.993693101855814,-0.009085712065348315,2.0
0.6489530960185227,0.9936791702772503,-0.009080868507471343,2.0
0.6504872640942166,0.9936652461455416,-0.009076014505319531,2.0
0.6520214321699105,0.9936513294766941,-0.00907115007020254,2.0
0.6535556002456044,0.9936374202866962,-0.00906627521339957,2.0
0.6550897683212984,0.9936235185915194,-0.009061389946161461,2.0
0.6566239363969922,0.9936096244071178,-0.009056494279708876,2.0
0.6581581044726862,0.9935957377494282,-0.009051588225234282,2.0
0.65969227254838,0.9935818586343708,-0.00904667179390191,2.0
0.661226440624074,0.993567987077848,-0.009041744996845855,2.0
0.6627606086997678,0.9935541230957458,-0.00903680784517347,2.0
0.6642947767754618,0.9935402667039327,-0.009031860349963809,2.0
0.6658289448511557,0.9935264179182607,-0.009026902522267347,2.0
0.6673631129268496,0.9935125767545645,-0.009021934373107707,2.0
0.6688972810025435,0.993498743228662,-0.009016955913481265,2.0
0.6704314490782374,0.9934849173563547,-0.009011967154356098,2.0
0.6719656171539313,0.9934710991534267,-0.009006968106674592,2.0
0.6734997852296253,0.9934572886356456,-0.009001958781351559,2.0
0.6750339533053191,0.9934434858187625,-0.008996939189275669,2.0
0.6765681213810131,0.9934296907185115,-0.008991909341308855,2.0
0.6781022894567069,0.9934159033506104,-0.008986869248286853,2.0
0.6796364575324009,0.9934021237307601,-0.008981818921020101,2.0
0.6811706256080947,0.9933883518746451,-0.008976758370292125,2.0
0.6827047936837887,0.9933745877979336,-0.008971687606861919,2.0
0.6842389617594826,0.993360831516277,-0.008966606641462463,2.0
0.6857731298351765,0.9933470830453104,-0.00896151548480165,2.0
0.6873072979108704,0.9933333424006525,-0.008956414147562573,2.0
0.6888414659865643,0.9933196095979058,-0.008951302640403017,2.0
0.6903756340622582,0.9933058846526561,-0.008946180973956304,2.0
0.6919098021379521,0.9932921675804735,-0.008941049158831671,2.0
0.693443970213646,0.9932784583969112,-0.008935907205613386,2.0
0.69497813828934,0.9932647571175068,-0.008930755124862131,2.0
0.6965123063650338,0.9932510637577814,-0.008925592927114347,2.0
0.6980464744407278,0.99323737833324,-0.008920420622882773,2.0
0.6995806425164216,0.9932237008593716,-0.008915238222656685,2.0
0.7011148105921156,0.9932100313516491,-0.008910045736901717,2.0
0.7026489786678095,0.9931963698255293,-0.008904843176060141,2.0
0.7041831467435034,0.9931827162964532,-0.008899630550551426,2.0
0.7057173148191973,0.9931690707798456,-0.008894407870772291,2.0
0.7072514828948911,0.9931554332911157,-0.008889175147096093,2.0
0.7087856509705851,0.9931418038456565,-0.008883932389873997,2.0
0.7103198190462789,0.9931281824588454,-0.008878679609434744,2.0
0.7118539871219729,0.9931145691460438,-0.008873416816084612,2.0
0.7133881551976669,0.9931009639225975,-0.008868144020107787,2.0
0.7149223232733607,0.9930873668038365,-0.008862861231766762,2.0
0.7164564913490546,0.9930737778050749,-0.00885756846130189,2.0
0.7179906594247485,0.9930601969416113,-0.008852265718932219,2.0
0.7195248275004424,0.9930466242287287,-0.008846953014854598,2.0
0.7210589955761364,0.9930330596816944,-0.00884163035924568,2.0
0.7225931636518302,0.9930195033157603,-0.008836297762259814,2.0
0.7241273317275242,0.9930059551461623,-0.008830955234030814,2.0
0.725661499803218,0.9929924151881213,-0.008825602784672024,2.0
0.727195667878912,0.9929788834568425,-0.008820240424274808,2.0
0.7287298359546058,0.9929653599675154,-0.008814868162911119,2.0
0.7302640040302998,0.9929518447353146,-0.008809486010632315,2.0
0.7317981721059937,0.992938337775399,-0.008804093977468615,2.0
0.7333323401816876,0.9929248391029121,-0.008798692073430769,2.0
0.7348665082573815,0.9929113487329821,-0.008793280308509151,2.0
0.7364006763330754,0.9928978666807221,-0.008787858692674557,2.0
0.7379348444087693,0.9928843929612298,-0.00878242723587797,2.0
0.7394690124844633,0.9928709275895875,-0.008776985948050398,2.0
0.7410031805601571,0.9928574705808625,-0.008771534839103708,2.0
0.7425373486358511,0.9928440219501069,-0.008766073918930117,2.0
0.7440715167115449,0.9928305817123576,-0.008760603197403153,2.0
0.7456056847872389,0.9928171498826365,-0.008755122684376582,2.0
0.7471398528629327,0.9928037264759502,-0.008749632389685529,2.0
0.7486740209386267,0.9927903115072904,-0.008744132323146532,2.0
0.7502081890143206,0.9927769049916336,-0.00873862249455687,2.0
0.7517423570900145,0.9927635069439417,-0.00873310291369574,2.0
0.7532765251657084,0.9927501173791611,-0.008727573590323634,2.0
0.7548106932414023,0.9927367363122236,-0.008722034534182624,2.0
0.7563448613170962,0.992723363758046,-0.008716485754997247,2.0
0.7578790293927902,0.9927099997315303,-0.008710927262472785,2.0
0.759413197468484,0.9926966442475633,-0.008705359066297488,2.0
0.760947365544178,0.9926832973210173,-0.008699781176141792,2.0
0.7624815336198718,0.9926699589667498,-0.008694193601657548,2.0
0.7640157016955658,0.9926566291996033,-0.008688596352480286,2.0
0.7655498697712596,0.9926433080344056,-0.0086829894382269,2.0
0.7670840378469536,0.9926299954859699,-0.00867737286849769,2.0
0.7686182059226475,0.9926166915690945,-0.008671746652875088,2.0
0.7701523739983414,0.9926033962985633,-0.008666110800924992,2.0
0.7716865420740353,0.9925901096891453,-0.008660465322195766,2.0
0.7732207101497292,0.9925768317555951,-0.008654810226219457,2.0
0.7747548782254231,0.9925635625126524,-0.00864914552251053,2.0
0.7762890463011171,0.9925503019750427,-0.008643471220567571,2.0
0.7778232143768109,0.9925370501574765,-0.008637787329871971,2.0
0.7793573824525049,0.9925238070746503,-0.008632093859889306,2.0
0.7808915505281987,0.9925105727412457,-0.00862639082006784,2.0
0.7824257186038927,0.9924973471719299,-0.008620678219840628,2.0
0.7839598866795865,0.992484130381356,-0.008614956068624256,2.0
0.7854940547552804,0.9924709223841621,-0.008609224375818429,2.0
0.7870282228309744,0.9924577231949724,-0.008603483150808378,2.0
0.7885623909066682,0.9924445328283964,-0.008597732402962355,2.0
0.7900965589823622,0.9924313512990295,-0.008591972141633514,2.0
0.791630727058056,0.9924181786214525,-0.008586202376158975,2.0
0.79316489513375,0.9924050148102322,-0.008580423115860825,2.0
0.7946990632094438,0.992391859879921,-0.008574634370045384,2.0
0.7962332312851378,0.9923787138450568,-0.008568836148003613,2.0
0.7977673993608317,0.9923655767201638,-0.008563028459011314,2.0
0.7993015674365256,0.9923524485197515,-0.008557211312329368,2.0
0.8008357355122195,0.9923393292583154,-0.008551384717203563,2.0
0.8023699035879134,0.9923262189503368,-0.008545548682864706,2.0
0.8039040716636073,0.9923131176102831,-0.008539703218528564,2.0
0.8054382397393013,0.9923000252526072,-0.008533848333396645,2.0
0.8069724078149951,0.9922869418917482,-0.008527984036655535,2.0
0.8085065758906891,0.9922738675421309,-0.008522110337477162,2.0
0.8100407439663829,0.9922608022181663,-0.008516227245019256,2.0
0.8115749120420769,0.992247745934251,-0.008510334768425065,2.0
0.8131090801177707,0.9922346987047681,-0.008504432916823627,2.0
0.8146432481934647,0.9922216605440864,-0.008498521699329891,2.0
0.8161774162691586,0.9922086314665608,-0.008492601125044654,2.0
0.8177115843448525,0.9921956114865321,-0.008486671203054342,2.0
0.8192457524205464,0.9921826006183275,-0.008480731942432342,2.0
0.8207799204962403,0.9921695988762601,-0.00847478335223728,2.0
0.8223140885719342,0.9921566062746291,-0.008468825441514966,2.0
0.8238482566476282,0.99214362282772,-0.008462858219296618,2.0
0.825382424723322,0.9921306485498042,-0.008456881694600907,2.0
0.826916592799016,0.9921176834551395,-0.008450895876431972,2.0
0.8284507608747098,0.99210472755797,-0.008444900773781414,2.0
0.8299849289504038,0.9920917808725257,-0.00843889639562701,2.0
0.8315190970260976,0.9920788434130231,-0.008432882750933722,2.0
0.8330532651017916,0.9920659151936649,-0.00842685984865248,2.0
0.8345874331774855,0.9920529962286402,-0.008420827697722386,2.0
0.8361216012531794,0.992040086532124,-0.008414786307068897,2.0
0.8376557693288733,0.9920271861182782,-0.00840873568560404,2.0
0.8391899374045672,0.9920142950012507,-0.008402675842228246,2.0
0.8407241054802611,0.9920014131951758,-0.008396606785827907,2.0
0.8422582735559551,0.9919885407141741,-0.00839052852527793,2.0
0.8437924416316489,0.9919756775723528,-0.008384441069439905,2.0
0.8453266097073429,0.9919628237838055,-0.00837834442716321,2.0
0.8468607777830367,0.9919499793626121,-0.008372238607284914,2.0
0.8483949458587307,0.9919371443228391,-0.00836612361862987,2.0
0.8499291139344245,0.9919243186785394,-0.008359999470010338,2.0
0.8514632820101184,0.9919115024437524,-0.008353866170227093,2.0
0.8529974500858124,0.9918986956325041,-0.008347723728069202,2.0
0.8545316181615062,0.9918858982588069,-0.008341572152312413,2.0
0.8560657862372002,0.9918731103366599,-0.008335411451722324,2.0
0.857599954312894,0.9918603318800487,-0.008329241635051764,2.0
0.859134122388588,0.9918475629029455,-0.008323062711042249,2.0
0.860668290464282,0.991834803419309,-0.008316874688423693,2.0
0.8622024585399758,0.9918220534430846,-0.008310677575914308,2.0
0.8637366266156697,0.9918093129882045,-0.008304471382220924,2.0
0.8652707946913636,0.9917965820685873,-0.008298256116038611,2.0
0.8668049627670575,0.9917838606981385,-0.008292031786050955,2.0
0.8683391308427514,0.9917711488907501,-0.008285798400930054,2.0
0.8698732989184453,0.9917584466603011,-0.008279555969336461,2.0
0.8714074669941393,0.9917457540206568,-0.008273304499918307,2.0
0.8729416350698331,0.9917330709856697,-0.008267044001313896,2.0
0.8744758031455271,0.9917203975691786,-0.008260774482147772,2.0
0.8760099712212209,0.9917077337850096,-0.008254495951034104,2.0
0.8775441392969149,0.9916950796469752,-0.008248208416575298,2.0
0.8790783073726088,0.991682435168875,-0.00824191188736144,2.0
0.8806124754483027,0.9916698003644951,-0.008235606371972352,2.0
0.8821466435239966,0.9916571752476089,-0.008229291878974759,2.0
0.8836808115996905,0.9916445598319762,-0.008222968416925566,2.0
0.8852149796753844,0.9916319541313441,-0.00821663599437025,2.0
0.8867491477510783,0.9916193581594462,-0.008210294619843185,2.0
0.8882833158267722,0.9916067719300036,-0.00820394430186876,2.0
0.8898174839024662,0.9915941954567237,-0.008197585048961103,2.0
0.89135165197816,0.9915816287533012,-0.00819121686962501,2.0
0.892885820053854,0.9915690718334178,-0.00818483977235563,2.0
0.8944199881295478,0.9915565247107421,-0.008178453765639955,2.0
0.8959541562052418,0.9915439873989295,-0.008172058857956483,2.0
0.8974883242809356,0.9915314599116227,-0.008165655057775615,2.0
0.8990224923566296,0.9915189422624514,-0.008159242373561257,2.0
0.9005566604323235,0.9915064344650321,-0.008152820813768717,2.0
0.9020908285080174,0.9914939365329685,-0.008146390386848418,2.0
0.9036249965837113,0.9914814484798512,-0.008139951101242236,2.0
0.9051591646594052,0.9914689703192582,-0.008133502965386504,2.0
0.9066933327350991,0.9914565020647541,-0.008127045987709783,2.0
0.9082275008107931,0.991444043729891,-0.008120580176633974,2.0
0.9097616688864869,0.9914315953282079,-0.008114105540572436,2.0
0.9112958369621809,0.9914191568732308,-0.00810762208793009,2.0
0.9128300050378747,0.991406728378473,-0.008101129827102099,2.0
0.9143641731135687,0.9913943098574348,-0.00809462876647285,2.0
0.9158983411892625,0.9913819013236039,-0.008088118914414754,2.0
0.9174325092649565,0.9913695027904549,-0.008081600279286236,2.0
0.9189666773406504,0.9913571142714497,-0.00807507286943168,2.0
0.9205008454163442,0.9913447357800375,-0.00806853669317816,2.0
0.9220350134920382,0.9913323673296546,-0.008061991758835107,2.0
0.923569181567732,0.9913200089337246,-0.008055438074693805,2.0
0.925103349643426,0.9913076606056587,-0.008048875649024283,2.0
0.92663751771912,0.991295322358855,-0.008042304490076712,2.0
0.9281716857948138,0.9912829942066993,-0.008035724606079118,2.0
0.9297058538705077,0.9912706761625647,-0.008029136005239778,2.0
0.9312400219462016,0.9912583682398116,-0.008022538695744768,2.0
0.9327741900218955,0.9912460704517883,-0.008015932685762579,2.0
0.9343083580975894,0.9912337828118299,-0.008009317983442777,2.0
0.9358425261732833,0.9912215053332598,-0.008002694596920674,2.0
0.9373766942489773,0.9912092380293884,-0.007996062534318645,2.0
0.9389108623246711,0.9911969809135138,-0.00798942180375169,2.0
0.9404450304003651,0.9911847339989218,-0.007982772413328927,2.0
0.9419791984760589,0.9911724972988855,-0.007976114371160749,2.0
0.9435133665517529,0.9911602708266657,-0.007969447685362544,2.0
0.9450475346274468,0.9911480545955107,-0.007962772364058799,2.0
0.9465817027031407,0.9911358486186564,-0.007956088415391093,2.0
0.9481158707788346,0.9911236529093261,-0.007949395847519258,2.0
0.9496500388545285,0.9911114674807305,-0.007942694668629149,2.0
0.9511842069302224,0.9910992923460679,-0.007935984886934871,2.0
0.9527183750059163,0.9910871275185235,-0.007929266510681762,2.0
0.9542525430816102,0.9910749730112702,-0.007922539548150065,2.0
0.9557867111573042,0.9910628288374682,-0.007915804007654254,2.0
0.957320879232998,0.9910506950102647,-0.007909059897542384,2.0
0.958855047308692,0.991038571542794,-0.007902307226195792,2.0
0.9603892153843858,0.9910264584481775,-0.007895546002022233,2.0
0.9619233834600798,0.9910143557395238,-0.007888776233453762,2.0
0.9634575515357737,0.9910022634299285,-0.007881997928936032,2.0
0.9649917196114676,0.9909901815324742,-0.007875211096921466,2.0
0.9665258876871615,0.9909781100602306,-0.007868415745857543,2.0
0.9680600557628554,0.9909660490262544,-0.007861611884174603,2.0
0.9695942238385493,0.9909539984435894,-0.007854799520272295,2.0
0.9711283919142432,0.9909419583252667,-0.007847978662506217,2.0
0.9726625599899371,0.9909299286843044,-0.00784114931917137,2.0
0.9741967280656311,0.9909179095337084,-0.007834311498488957,2.0
0.9757308961413249,0.9909059008864718,-0.0078274652085904,2.0
0.9772650642170189,0.9908939027555754,-0.007820610457504528,2.0
0.9787992322927127,0.9908819151539882,-0.007813747253144805,2.0
0.9803334003684067,0.9908699380946666,-0.007806875603299074,2.0
0.9818675684441005,0.990857971590556,-0.007799995515621785,2.0
0.9834017365197945,0.9908460156545897,-0.007793106997629278,2.0
0.9849359045954884,0.9908340702996901,-0.007786210056697508,2.0
0.9864700726711823,0.9908221355387681,-0.007779304700065152,2.0
0.9880042407468762,0.990810211384724,-0.00777239093484016,2.0
0.98953840882257,0.9907982978504474,-0.007765468768010404,2.0
0.991072576898264,0.9907863949488169,-0.007758538206458773,2.0
0.992606744973958,0.9907745026927013,-0.007751599256983649,2.0
0.9941409130496518,0.9907626210949586,-0.007744651926322656,2.0
0.9956750811253458,0.9907507501684366,-0.007737696221181341,2.0
0.9972092492010396,0.990738889925973,-0.0077307321482643675,2.0
0.9987434172767335,0.990727040380395,-0.007723759714310912,2.0
1.0002775853524275,0.9907152015445194,-0.007716778926132228,2.0
1.0018117534281215,0.9907033734311523,-0.007709789790650658,2.0
1.0033459215038152,0.990691556053089,-0.007702792314937693,2.0
1.0048800895795091,0.9906797494231138,-0.007695786506255707,2.0
1.006414257655203,0.9906679535539992,-0.007688772372092962,2.0
1.007948425730897,0.9906561684585061,-0.007681749920201122,2.0
1.0094825938065908,0.9906443941493831,-0.007674719158624937,2.0
1.0110167618822847,0.9906326306393656,-0.0076676800957293815,2.0
1.0125509299579787,0.9906208779411759,-0.007660632740219955,2.0
1.0140850980336726,0.9906091360675224,-0.007653577101156563,2.0
1.0156192661093666,0.990597405031099,-0.007646513187958391,2.0
1.0171534341850603,0.9905856848445848,-0.007639441010400803,2.0
1.0186876022607543,0.9905739755206429,-0.007632360578603079,2.0
1.0202217703364482,0.9905622770719208,-0.007625271903005551,2.0
1.0217559384121422,0.9905505895110495,-0.007618174994338252,2.0
1.0232901064878361,0.9905389128506429,-0.007611069863576973,2.0
1.0248242745635299,0.990527247103298,-0.007603956521892433,2.0
1.0263584426392238,0.9905155922815945,-0.0075968349805895785,2.0
1.0278926107149178,0.9905039483980944,-0.007589705251035831,2.0
1.0294267787906117,0.9904923154653426,-0.007582567344585688,2.0
1.0309609468663057,0.9904806934958663,-0.007575421272497984,2.0
1.0324951149419994,0.9904690825021762,-0.007568267045845778,2.0
1.0340292830176934,0.9904574824967662,-0.007561104675428133,2.0
1.0355634510933873,0.9904458934921142,-0.007553934171676556,2.0
1.0370976191690813,0.9904343155006826,-0.007546755544564561,2.0
1.0386317872447752,0.9904227485349197,-0.007539568803520213,2.0
1.040165955320469,0.9904111926072602,-0.007532373957342455,2.0
1.041700123396163,0.9903996477301261,-0.007525171014126087,2.0
1.0432342914718569,0.9903881139159286,-0.007517959981196518,2.0
1.0447684595475508,0.9903765911770687,-0.007510740865053381,2.0
1.0463026276232446,0.9903650795259386,-0.007503513671332694,2.0
1.0478367956989385,0.9903535789749234,-0.007496278404777402,2.0
1.0493709637746325,0.9903420895364025,-0.0074890350692318735,2.0
1.0509051318503264,0.9903306112227503,-0.007481783667647014,2.0
1.0524392999260204,0.9903191440463385,-0.007474524202111276,2.0
1.053973468001714,0.9903076880195364,-0.007467256673895501,2.0
1.055507636077408,0.9902962431547128,-0.007459981083520332,2.0
1.057041804153102,0.9902848094642366,-0.007452697430841334,2.0
1.058575972228796,0.9902733869604778,-0.0074454057151554206,2.0
1.06011014030449,0.9902619756558082,-0.0074381059353215906,2.0
1.0616443083801836,0.9902505755626018,-0.007430798089901321,2.0
1.0631784764558776,0.9902391866932349,-0.007423482177312541,2.0
1.0647126445315716,0.9902278090600862,-0.007416158195993763,2.0
1.0662468126072655,0.9902164426755369,-0.0074088261445833135,2.0
1.0677809806829595,0.9902050875519691,-0.007401486022099501,2.0
1.0693151487586532,0.9901937437017659,-0.007394137828131158,2.0
1.0708493168343471,0.9901824111373099,-0.007386781563023255,2.0
1.072383484910041,0.9901710898709813,-0.007379417228064276,2.0
1.073917652985735,0.9901597799151572,-0.0073720448256650055,2.0
1.075451821061429,0.9901484812822087,-0.007364664359528709,2.0
1.0769859891371227,0.9901371939844988,-0.007357275834806607,2.0
1.0785201572128167,0.9901259180343807,-0.007349879258239929,2.0
1.0800543252885106,0.990114653444194,-0.007342474638276435,2.0
1.0815884933642046,0.9901034002262632,-0.007335061985169797,2.0
1.0831226614398983,0.9900921583928937,-0.007327641311049675,2.0
1.0846568295155923,0.9900809279563695,-0.007320212629963172,2.0
1.0861909975912862,0.9900697089289502,-0.007312775957889371,2.0
1.0877251656669802,0.9900585013228679,-0.007305331312717746,2.0
1.0892593337426741,0.9900473051503242,-0.007297878714196898,2.0
1.0907935018183679,0.9900361204234881,-0.007290418183847708,2.0
1.0923276698940618,0.9900249471544926,-0.0072829497448449335,2.0
1.0938618379697558,0.9900137853554333,-0.007275473421864003,2.0
1.0953960060454497,0.9900026350383654,-0.0072679892408963505,2.0
1.0969301741211437,0.9899914962153029,-0.007260497229036236,2.0
1.0984643421968374,0.989980368898217,-0.007252997414235369,2.0
1.0999985102725314,0.9899692530990346,-0.007245489825038852,2.0
1.1015326783482253,0.989958148829639,-0.0072379744902906435,2.0
1.1030668464239193,0.9899470561018686,-0.007230451438828931,2.0
1.1046010144996132,0.9899359749275187,-0.007222920699160585,2.0
1.106135182575307,0.9899249053183414,-0.007215382299129061,2.0
1.107669350651001,0.9899138472860479,-0.0072078362655770885,2.0
1.1092035187266949,0.9899028008423102,-0.007200282624006257,2.0
1.1107376868023888,0.9898917659987636,-0.007192721398244692,2.0
1.1122718548780826,0.9898807427670102,-0.007185152610121513,2.0
1.1138060229537765,0.9898697311586219,-0.007177576279158152,2.0
1.1153401910294705,0.9898587311851447,-0.00716999242227937,2.0
1.1168743591051644,0.989847742858103,-0.0071624010535465315,2.0
1.1184085271808584,0.9898367661890045,-0.007154802183924329,2.0
1.119942695256552,0.989825801189345,-0.007147195821077754,2.0
1.121476863332246,0.9898148478706141,-0.0071395819692076316,2.0
1.12301103140794,0.9898039062443001,-0.0071319606289283796,2.0
1.124545199483634,0.9897929763218962,-0.00712433179718794,2.0
1.126079367559328,0.9897820581149059,-0.007116695467235151,2.0
1.1276135356350216,0.9897711516348489,-0.007109051628636008,2.0
1.1291477037107156,0.989760256893266,-0.007101400267338301,2.0
1.1306818717864096,0.9897493739017253,-0.007093741365786871,2.0
1.1322160398621035,0.9897385026718271,-0.007086074903089234,2.0
1.1337502079377975,0.989727643215208,-0.007078400855230214,2.0
1.1352843760134912,0.9897167955435463,-0.0070707191953345095,2.0
1.1368185440891851,0.9897059596685653,-0.007063029893974316,2.0
1.138352712164879,0.9896951356020368,-0.007055332919521679,2.0
1.139886880240573,0.9896843233557839,-0.007047628238538962,2.0
1.141421048316267,0.9896735229416831,-0.0070399158162054885,2.0
1.1429552163919607,0.9896627343716659,-0.007032195616775878,2.0
1.1444893844676547,0.989651957657719,-0.0070244676040653415,2.0
1.1460235525433486,0.9896411928118848,-0.007016731741954175,2.0
1.1475577206190426,0.9896304398462601,-0.007008987994910681,2.0
1.1490918886947363,0.9896196987729945,-0.007001236328520912,2.0
1.1506260567704303,0.9896089696042879,-0.006993476710023517,2.0
1.1521602248461242,0.9895982523523871,-0.006985709108841038,2.0
1.1536943929218182,0.9895875470295815,-0.006977933497102331,2.0
1.1552285609975121,0.9895768536481986,-0.006970149850149171,2.0
1.1567627290732059,0.9895661722205978,-0.006962358147021156,2.0
1.1582968971488998,0.9895555027591646,-0.006954558370913489,2.0
1.1598310652245938,0.9895448452763029,-0.006946750509600625,2.0
1.1613652333002877,0.989534199784428,-0.006938934555820028,2.0
1.1628994013759817,0.9895235662959582,-0.006931110507614247,2.0
1.1644335694516754,0.9895129448233059,-0.006923278368621351,2.0
1.1659677375273694,0.9895023353788693,-0.0069154381483161245,2.0
1.1675019056030633,0.9894917379750228,-0.006907589862188967,2.0
1.1690360736787573,0.9894811526241074,-0.006899733531872516,2.0
1.1705702417544512,0.9894705793384216,-0.006891869185200683,2.0
1.172104409830145,0.9894600181302117,-0.006883996856205713,2.0
1.173638577905839,0.9894494690116621,-0.006876116585053213,2.0
1.1751727459815329,0.9894389319948868,-0.00686822841790709,2.0
1.1767069140572268,0.9894284070919197,-0.006860332406734841,2.0
1.1782410821329208,0.9894178943147067,-0.006852428609044994,2.0
1.1797752502086145,0.9894073936750974,-0.006844517087566432,2.0
1.1813094182843085,0.9893969051848378,-0.0068365979098640355,2.0
1.1828435863600024,0.9893864288555633,-0.006828671147900548,2.0
1.1843777544356964,0.9893759646987931,-0.0068207368775440634,2.0
1.18591192251139,0.9893655127259247,-0.006812795178026798,2.0
1.187446090587084,0.9893550729482299,-0.00680484613136036,2.0
1.188980258662778,0.9893446453768514,-0.006796889821708454,2.0
1.190514426738472,0.9893342300228004,-0.006788926334730854,2.0
1.192048594814166,0.9893238268969555,-0.006780955756896623,2.0
1.1935827628898596,0.9893134360100624,-0.006772978174774924,2.0
1.1951169309655536,0.9893030573727349,-0.006764993674313236,2.0
1.1966510990412476,0.9892926909954574,-0.006757002340105407,2.0
1.1981852671169415,0.9892823368885871,-0.00674900425465783,2.0
1.1997194351926355,0.9892719950623595,-0.006740999497661329,2.0
1.2012536032683292,0.989261665526893,-0.006732988145273813,2.0
1.2027877713440231,0.9892513482921956,-0.006724970269421457,2.0
1.204321939419717,0.9892410433681728,-0.006716945937125083,2.0
1.205856107495411,0.9892307507646353,-0.006708915209856162,2.0
1.207390275571105,0.9892204704913093,-0.0067008781429317805,2.0
1.2089244436467987,0.9892102025578464,-0.006692834784950377,2.0
1.2104586117224927,0.9891999469738346,-0.006684785177275764,2.0
1.2119927797981866,0.9891897037488103,-0.0066767293535752986,2.0
1.2135269478738806,0.9891794728922708,-0.006668667339412715,2.0
1.2150611159495743,0.989169254413687,-0.006660599151904653,2.0
1.2165952840252683,0.9891590483225169,-0.006652524799439501,2.0
1.2181294521009622,0.9891488546282196,-0.006644444281465764,2.0
1.2196636201766562,0.9891386733402686,-0.006636357588346188,2.0
1.2211977882523501,0.9891285044681667,-0.006628264701288341,2.0
1.2227319563280439,0.9891183480214591,-0.00662016559234212,2.0
1.2242661244037378,0.9891082040097482,-0.0066120602244740465,2.0
1.2258002924794318,0.9890980724427066,-0.00660394855171065,2.0
1.2273344605551257,0.9890879533300911,-0.006595830519357031,2.0
1.2288686286308197,0.9890778466817552,-0.006587706064282628,2.0
1.2304027967065134,0.9890677525076618,-0.006579575115278059,2.0
1.2319369647822074,0.9890576708178944,-0.006571437593476492,2.0
1.2334711328579013,0.989047601622669,-0.006563293412838344,2.0
1.2350053009335953,0.9890375449323435,-0.006555142480697268,2.0
1.2365394690092892,0.9890275007574273,-0.006546984698358878,2.0
1.238073637084983,0.9890174691085892,-0.0065388199617543935,2.0
1.239607805160677,0.9890074499966653,-0.006530648162138231,2.0
1.2411419732363709,0.9889974434326642,-0.006522469186829273,2.0
1.2426761413120648,0.9889874494277723,-0.0065142829199873065,2.0
1.2442103093877588,0.9889774679933574,-0.00650608924342065,2.0
1.2457444774634525,0.9889674991409709,-0.006497888037419251,2.0
1.2472786455391465,0.988957542882349,-0.006489679181607146,2.0
1.2488128136148404,0.9889475992294121,-0.006481462555805744,2.0
1.2503469816905344,0.9889376681942634,-0.006473238040907812,2.0
1.251881149766228,0.9889277497891859,-0.006465005519747918,2.0
1.253415317841922,0.9889178440266378,-0.006456764877972871,2.0
1.254949485917616,0.9889079509192475,-0.00644851600489479,2.0
1.25648365399331,0.988898070479806,-0.0064402587943328555,2.0
1.258017822069004,0.9888882027212592,-0.006431993145428041,2.0
1.2595519901446977,0.9888783476566982,-0.006423718963431264,2.0
1.2610861582203916,0.9888685052993492,-0.006415436160458516,2.0
1.2626203262960856,0.9888586756625614,-0.006407144656204058,2.0
1.2641544943717795,0.9888488587597943,-0.006398844378615201,2.0
1.2656886624474735,0.988839054604605,-0.006390535264514161,2.0
1.2672228305231672,0.9888292632106322,-0.006382217260171531,2.0
1.2687569985988612,0.9888194845915825,-0.006373890321823091,2.0
1.270291166674555,0.9888097187612133,-0.00636555441612753,2.0
1.271825334750249,0.9887999657333163,-0.006357209520562353,2.0
1.273359502825943,0.9887902255217011,-0.006348855623758247,2.0
1.2748936709016367,0.9887804981401771,-0.006340492725763044,2.0
1.2764278389773307,0.9887707836025357,-0.006332120838242582,2.0
1.2779620070530247,0.9887610819225323,-0.006323739984610161,2.0
1.2794961751287186,0.9887513931138685,-0.006315350200088076,2.0
1.2810303432044123,0.9887417171901737,-0.0063069515316987994,2.0
1.2825645112801063,0.9887320541649869,-0.00629854403818807,2.0
1.2840986793558002,0.9887224040517396,-0.006290127789877963,2.0
1.2856328474314942,0.9887127668637379,-0.006281702868454039,2.0
1.2871670155071882,0.9887031426141453,-0.006273269366685239,2.0
1.2887011835828819,0.9886935313159667,-0.00626482738808036,2.0
1.2902353516585758,0.9886839329820325,-0.0062563770464820504,2.0
1.2917695197342698,0.9886743476249831,-0.006247918465602263,2.0
1.2933036878099637,0.9886647752572547,-0.006239451778499282,2.0
1.2948378558856577,0.9886552158910661,-0.006230977127005423,2.0
1.2963720239613514,0.9886456695384058,-0.0062224946610987385,2.0
1.2979061920370454,0.9886361362110211,-0.00621400453823528,2.0
1.2994403601127393,0.9886266159204069,-0.006205506922634077,2.0
1.3009745281884333,0.9886171086777973,-0.006197001984526503,2.0
1.3025086962641272,0.9886076144941569,-0.006188489899371166,2.0
1.304042864339821,0.9885981333801747,-0.006179970847039524,2.0
1.305577032415515,0.9885886653462579,-0.006171445010976344,2.0
1.3071112004912089,0.9885792104025284,-0.006162912577340307,2.0
1.3086453685669028,0.9885697685588196,-0.006154373734128409,2.0
1.3101795366425968,0.988560339824675,-0.006145828670290545,2.0
1.3117137047182905,0.988550924209348,-0.0061372775748364744,2.0
1.3132478727939845,0.9885415217218034,-0.006128720635942256,2.0
1.3147820408696784,0.9885321323707201,-0.006120158040058992,2.0
1.3163162089453724,0.9885227561644948,-0.00611158997102952,2.0
1.317850377021066,0.9885133931112475,-0.006103016609217309,2.0
1.31938454509676,0.9885040432188282,-0.006094438130650829,2.0
1.320918713172454,0.9884947064948247,-0.006085854706188464,2.0
1.322452881248148,0.9884853829465718,-0.006077266500708777,2.0
1.323987049323842,0.988476072581162,-0.006068673672327402,2.0
1.3255212173995357,0.9884667754054564,-0.0060600763716470215,2.0
1.3270553854752296,0.9884574914260977,-0.006051474741041955,2.0
1.3285895535509236,0.9884482206495243,-0.006042868913981209,2.0
1.3301237216266175,0.988438963081984,-0.006034259014392141,2.0
1.3316578897023115,0.9884297187295501,-0.006025645156068847,2.0
1.3331920577780052,0.9884204875981378,-0.006017027442127934,2.0
1.3347262258536992,0.9884112696935212,-0.006008405964509079,2.0
1.336260393929393,0.9884020650213513,-0.00599978080353156,2.0
1.337794562005087,0.9883928735871741,-0.00599115202749714,2.0
1.339328730080781,0.9883836953964499,-0.00598251969235069,2.0
1.3408628981564747,0.9883745304545725,-0.005973883841392998,2.0
1.3423970662321687,0.9883653787668891,-0.005965244505049815,2.0
1.3439312343078627,0.9883562403387203,-0.00595660170069641,2.0
1.3454654023835566,0.98834711517538,-0.005947955432538271,2.0
1.3469995704592506,0.9883380032821962,-0.005939305691547454,2.0
1.3485337385349443,0.988328904664531,-0.005930652455456097,2.0
1.3500679066106382,0.9883198193278009,-0.0059219956888041944,2.0
1.3516020746863322,0.9883107472774967,-0.005913335343042025,2.0
1.3531362427620262,0.9883016885192037,-0.005904671356686963,2.0
1.3546704108377199,0.9882926430586213,-0.005896003655532111,2.0
1.3562045789134138,0.9882836109015813,-0.005887332152906263,2.0
1.3577387469891078,0.9882745920540675,-0.005878656749983582,2.0
1.3592729150648017,0.9882655865222334,-0.0058699773361413285,2.0
1.3608070831404957,0.9882565943124195,-0.005861293789361042,2.0
1.3623412512161894,0.9882476154311705,-0.0058526059766774345,2.0
1.3638754192918834,0.9882386498852509,-0.005843913754664802,2.0
1.3654095873675773,0.9882296976816608,-0.005835216969965153,2.0
1.3669437554432713,0.9882207588276498,-0.00582651545985014,2.0
1.3684779235189652,0.9882118333307305,-0.005817809052819661,2.0
1.370012091594659,0.9882029211986911,-0.0058090975692302056,2.0
1.371546259670353,0.9881940224396072,-0.005800380821950776,2.0
1.3730804277460469,0.9881851370618516,-0.005791658617045113,2.0
1.3746145958217408,0.9881762650741042,-0.005782930754477669,2.0
1.3761487638974348,0.9881674064853597,-0.005774197028835673,2.0
1.3776829319731285,0.9881585613049356,-0.005765457230072554,2.0
1.3792171000488225,0.9881497295424772,-0.005756711144260527,2.0
1.3807512681245164,0.9881409112079627,-0.005747958554356719,2.0
1.3822854362002104,0.9881321063117071,-0.005739199240975605,2.0
1.3838196042759041,0.9881233148643644,-0.00573043298316746,2.0
1.385353772351598,0.9881145368769287,-0.005721659559196129,2.0
1.386887940427292,0.9881057723607343,-0.005712878747319793,2.0
1.388422108502986,0.9880970213274544,-0.005704090326563758,2.0
1.38995627657868,0.988088283789099,-0.00569529407748879,2.0
1.3914904446543737,0.9880795597580112,-0.005686489782951356,2.0
1.3930246127300676,0.9880708492468626,-0.005677677228848443,2.0
1.3945587808057616,0.9880621522686475,-0.005668856204852656,2.0
1.3960929488814555,0.9880534688366757,-0.00566002650512685,2.0
1.3976271169571495,0.9880447989645652,-0.0056511879290225605,2.0
1.3991612850328432,0.9880361426662327,-0.0056423402817552815,2.0
1.4006954531085372,0.9880274999558838,-0.005633483375059123,2.0
1.4022296211842311,0.9880188708480017,-0.0056246170278127635,2.0
1.403763789259925,0.9880102553573359,-0.00561574106664366,2.0
1.405297957335619,0.9880016534988889,-0.0056068553264985764,2.0
1.4068321254113128,0.987993065287903,-0.005597959651188251,2.0
1.4083662934870067,0.9879844907398456,-0.005589053893898108,2.0
1.4099004615627007,0.9879759298703944,-0.005580137917667509,2.0
1.4114346296383946,0.9879673826954212,-0.005571211595835092,2.0
1.4129687977140886,0.9879588492309757,-0.005562274812450114,2.0
1.4145029657897823,0.9879503294932686,-0.005553327462645267,2.0
1.4160371338654762,0.9879418234986539,-0.0055443694529779845,2.0
1.4175713019411702,0.9879333312636112,-0.0055354007017309696,2.0
1.4191054700168642,0.9879248528047266,-0.00552642113917581,2.0
1.4206396380925579,0.9879163881386749,-0.005517430707802872,2.0
1.4221738061682518,0.9879079372821997,-0.005508429362507736,2.0
1.4237079742439458,0.9878995002520948,-0.0054994170707434,2.0
1.4252421423196397,0.9878910770651845,-0.005490393812635254,2.0
1.4267763103953337,0.9878826677383039,-0.005481359581054816,2.0
1.4283104784710274,0.9878742722882794,-0.005472314381660748,2.0
1.4298446465467214,0.9878658907319092,-0.0054632582328994015,2.0
1.4313788146224153,0.9878575230859437,-0.005454191165971529,2.0
1.4329129826981093,0.9878491693670657,-0.005445113224761149,2.0
1.4344471507738032,0.9878408295918717,-0.005436024465731782,2.0
1.435981318849497,0.9878325037768523,-0.005426924957785846,2.0
1.437515486925191,0.9878241919383736,-0.005417814782094471,2.0
1.4390496550008849,0.9878158940926587,-0.0054086940318900335,2.0
1.4405838230765788,0.9878076102557695,-0.005399562812232719,2.0
1.4421179911522728,0.9877993404435889,-0.005390421239742789,2.0
1.4436521592279665,0.9877910846718038,-0.005381269442307664,2.0
1.4451863273036605,0.9877828429558879,-0.005372107558756707,2.0
1.4467204953793544,0.9877746153110859,-0.005362935738515977,2.0
1.4482546634550484,0.9877664017523973,-0.005353754141230746,2.0
1.4497888315307423,0.9877582022945618,-0.0053445629363710915,2.0
1.451322999606436,0.9877500169520446,-0.0053353623028106825,2.0
1.45285716768213,0.9877418457390227,-0.005326152428387767,2.0
1.454391335757824,0.987733688669372,-0.00531693350944517,2.0
1.455925503833518,0.9877255457566546,-0.0053077057503533795,2.0
1.4574596719092117,0.9877174170141079,-0.005298469363018365,2.0
1.4589938399849056,0.987709302454633,-0.005289224566372311,2.0
1.4605280080605996,0.9877012020907854,-0.005279971585855196,2.0
1.4620621761362935,0.9876931159347655,-0.00527071065288038,2.0
1.4635963442119875,0.9876850439984104,-0.005261442004294217,2.0
1.4651305122876812,0.9876769862931862,-0.005252165881825,2.0
1.4666646803633752,0.9876689428301818,-0.005242882531525582,2.0
1.4681988484390691,0.9876609136201024,-0.005233592203210902,2.0
1.469733016514763,0.9876528986732654,-0.005224295149891778,2.0
1.471267184590457,0.987644897999596,-0.005214991627205219,2.0
1.4728013526661508,0.9876369116086238,-0.005205681892846224,2.0
1.4743355207418447,0.9876289395094809,-0.005196366205996205,2.0
1.4758696888175387,0.9876209817109005,-0.005187044826757949,2.0
1.4774038568932326,0.987613038221216,-0.005177718015589476,2.0
1.4789380249689266,0.9876051090483617,-0.005168386032745281,2.0
1.4804721930446203,0.9875971941998737,-0.0051590491377223316,2.0
1.4820063611203143,0.9875892936828919,-0.0051497075887125794,2.0
1.4835405291960082,0.9875814075041631,-0.005140361642064775,2.0
1.4850746972717022,0.9875735356700444,-0.0051310115517542295,2.0
1.486608865347396,0.9875656781865075,-0.005121657568864557,2.0
1.4881430334230898,0.9875578350591445,-0.005112299941078735,2.0
1.4896772014987838,0.9875500062931732,-0.005102938912185545,2.0
1.4912113695744778,0.9875421918934442,-0.005093574721595383,2.0
1.4927455376501717,0.9875343918644481,-0.005084207603874102,2.0
1.4942797057258654,0.9875266062103241,-0.0050748377882895695,2.0
1.4958138738015594,0.9875188349348679,-0.005065465498373753,2.0
1.4973480418772533,0.9875110780415424,-0.005056090951503732,2.0
1.4988822099529473,0.9875033355334865,-0.0050467143584964165,2.0
1.5004163780286413,0.9874956074135265,-0.005037335923224066,2.0
1.501950546104335,0.9874878936841873,-0.005027955842246022,2.0
1.503484714180029,0.987480194347704,-0.005018574304460127,2.0
1.505018882255723,0.9874725094060338,-0.00500919149077302,2.0
1.5065530503314168,0.9874648388608694,-0.004999807573789789,2.0
1.5080872184071108,0.987457182713652,-0.004990422717524882,2.0
1.5096213864828045,0.9874495409655845,-0.004981037077130047,2.0
1.5111555545584985,0.9874419136176457,-0.004971650798647079,2.0
1.5126897226341924,0.9874343006706049,-0.004962264018776546,2.0
1.5142238907098864,0.9874267021250362,-0.0049528768646708195,2.0
1.5157580587855803,0.9874191179813337,-0.004943489453745749,2.0
1.517292226861274,0.9874115482397265,-0.004934101893513584,2.0
1.518826394936968,0.987403992900294,-0.0049247142814373805,2.0
1.520360563012662,0.9873964519629819,-0.004915326704804426,2.0
1.521894731088356,0.9873889254276176,-0.0049059392406232034,2.0
1.5234288991640497,0.9873814132939264,-0.004896551955536216,2.0
1.5249630672397436,0.9873739155615473,-0.004887164905758622,2.0
1.5264972353154376,0.9873664322300492,-0.004877778137031398,2.0
1.5280314033911315,0.9873589632989467,-0.004868391684599035,2.0
1.5295655714668255,0.9873515087677166,-0.0048590055732025475,2.0
1.5310997395425192,0.9873440686358139,-0.004849619817094844,2.0
1.5326339076182132,0.9873366429026877,-0.004840234420073296,2.0
1.5341680756939071,0.9873292315677973,-0.004830849375530512,2.0
1.535702243769601,0.9873218346306278,-0.004821464666524473,2.0
1.537236411845295,0.9873144520907062,-0.004812080265863205,2.0
1.5387705799209888,0.9873070839476168,-0.004802696136210879,2.0
1.5403047479966827,0.9872997302010164,-0.004793312230206269,2.0
1.5418389160723767,0.9872923908506497,-0.0047839284905997,2.0
1.5433730841480706,0.9872850658963642,-0.0047745448504044235,2.0
1.5449072522237646,0.9872777553381249,-0.004765161233063515,2.0
1.5464414202994583,0.9872704591760285,-0.004755777552630553,2.0
1.5479755883751523,0.9872631774103179,-0.004746393713964932,2.0
1.5495097564508462,0.9872559100413955,-0.00473700961293944,2.0
1.5510439245265402,0.987248657069837,-0.00472762513666044,2.0
1.5525780926022341,0.9872414184964043,-0.004718240163701083,2.0
1.5541122606779278,0.9872341943220586,-0.004708854564344623,2.0
1.5556464287536218,0.9872269845479722,-0.004699468200840327,2.0
1.5571805968293158,0.9872197891755405,-0.00469008092766549,2.0
1.5587147649050097,0.9872126082063941,-0.004680692591801873,2.0
1.5602489329807034,0.987205441642409,-0.004671303033018087,2.0
1.5617831010563974,0.9871982894857178,-0.004661912084160399,2.0
1.5633172691320913,0.9871911517387197,-0.004652519571450704,2.0
1.5648514372077853,0.9871840284040904,-0.004643125314793766,2.0
1.5663856052834793,0.9871769194847907,-0.004633729128087055,2.0
1.567919773359173,0.9871698249840759,-0.004624330819539588,2.0
1.569453941434867,0.9871627449055038,-0.00461493019199331,2.0
1.570988109510561,0.9871556792529423,-0.004605527043251084,2.0
1.5725222775862548,0.9871486280305768,-0.004596121166405238,2.0
1.5740564456619488,0.9871415912429168,-0.004586712350173874,2.0
1.5755906137376425,0.9871345688948021,-0.004577300379234354,2.0
1.5771247818133365,0.9871275609914086,-0.00456788503456449,2.0
1.5786589498890304,0.9871205675382534,-0.004558466093779528,2.0
1.5801931179647244,0.9871135885411993,-0.004549043331474504,2.0
1.5817272860404183,0.9871066240064591,-0.0045396165195647755,2.0
1.583261454116112,0.987099673940599,-0.004530185427625388,2.0
1.584795622191806,0.987092738350542,-0.0045207498232335405,2.0
1.5863297902675,0.98708581724357,-0.004511309472304127,2.0
1.587863958343194,0.9870789106273262,-0.00450186413942893,2.0
1.5893981264188877,0.9870720185098164,-0.004492413588209994,2.0
1.5909322944945816,0.98706514089941,-0.004482957581592834,2.0
1.5924664625702756,0.9870582778048408,-0.004473495882193361,2.0
1.5940006306459695,0.9870514292352066,-0.0044640282526242706,2.0
1.5955347987216635,0.987044595199969,-0.004454554455816704,2.0
1.5970689667973572,0.9870377757089523,-0.00444507425533564,2.0
1.5986031348730512,0.9870309707723423,-0.004435587415693237,2.0
1.6001373029487451,0.9870241804006836,-0.004426093702654959,2.0
1.601671471024439,0.9870174046048784,-0.004416592883541264,2.0
1.603205639100133,0.9870106433961826,-0.004407084727523077,2.0
1.6047398071758268,0.987003896786203,-0.004397569005911271,2.0
1.6062739752515207,0.9869971647868938,-0.0043880454924399865,2.0
1.6078081433272147,0.986990447410552,-0.004378513963542132,2.0
1.6093423114029086,0.9869837446698129,-0.0043689741986195525,2.0
1.6108764794786026,0.9869770565776456,-0.004359425980304546,2.0
1.6124106475542963,0.986970383147347,-0.004349869094714939,2.0
1.6139448156299903,0.9869637243925367,-0.004340303331700843,2.0
1.6154789837056842,0.9869570803271503,-0.004330728485083477,2.0
1.6170131517813782,0.9869504509654337,-0.004321144352887376,2.0
1.6185473198570721,0.9869438363219354,-0.004311550737561411,2.0
1.6200814879327659,0.9869372364115001,-0.004301947446195629,2.0
1.6216156560084598,0.986930651249261,-0.004292334290725668,2.0
1.6231498240841538,0.9869240808506322,-0.004282711088130411,2.0
1.6246839921598477,0.9869175252313003,-0.0042730776606216435,2.0
1.6262181602355414,0.9869109844072165,-0.004263433835823774,2.0
1.6277523283112354,0.986904458394588,-0.004253779446944018,2.0
1.6292864963869294,0.9868979472098688,-0.004244114332936646,2.0
1.6308206644626233,0.9868914508697512,-0.004234438338654458,2.0
1.6323548325383173,0.986884969391156,-0.004224751314994223,2.0
1.633889000614011,0.9868785027912235,-0.004215053119031848,2.0
1.635423168689705,0.9868720510873034,-0.004205343614149162,2.0
1.636957336765399,0.9868656142969452,-0.004195622670150449,2.0
1.6384915048410928,0.9868591924378882,-0.004185890163372085,2.0
1.6400256729167868,0.9868527855280512,-0.004176145976781366,2.0
1.6415598409924805,0.9868463935855223,-0.004166390000067339,2.0
1.6430940090681745,0.9868400166285481,-0.0041566221297229845,2.0
1.6446281771438684,0.986833654675524,-0.00414684226911851,2.0
1.6461623452195624,0.9868273077449824,-0.004137050328565108,2.0
1.6476965132952563,0.9868209758555829,-0.004127246225371723,2.0
1.64923068137095,0.9868146590261011,-0.004117429883892212,2.0
1.650764849446644,0.9868083572754178,-0.004107601235563855,2.0
1.652299017522338,0.9868020706225081,-0.00409776021893865,2.0
1.653833185598032,0.9867957990864303,-0.004087906779706342,2.0
1.655367353673726,0.9867895426863151,-0.004078040870708015,2.0
1.6569015217494196,0.9867833014413546,-0.0040681624519436944,2.0
1.6584356898251136,0.9867770753707913,-0.0040582714905711284,2.0
1.6599698579008075,0.986770864493907,-0.004048367960896409,2.0
1.6615040259765015,0.9867646688300122,-0.0040384518443595425,2.0
1.6630381940521952,0.9867584883984347,-0.004028523129508987,2.0
1.6645723621278892,0.9867523232185093,-0.004018581811973901,2.0
1.6661065302035831,0.9867461733095663,-0.004008627894423697,2.0
1.667640698279277,0.9867400386909215,-0.003998661386526928,2.0
1.669174866354971,0.9867339193818653,-0.003988682304897734,2.0
1.6707090344306648,0.9867278154016517,-0.003978690673041635,2.0
1.6722432025063587,0.9867217267694882,-0.003968686521289388,2.0
1.6737773705820527,0.9867156535045258,-0.003958669886729405,2.0
1.6753115386577466,0.9867095956258479,-0.003948640813132009,2.0
1.6768457067334406,0.9867035531524608,-0.003938599350868424,2.0
1.6783798748091343,0.9866975261032837,-0.003928545556824932,2.0
1.6799140428848283,0.9866915144971382,-0.003918479494310378,2.0
1.6814482109605222,0.9866855183527397,-0.003908401232960786,2.0
1.6829823790362162,0.9866795376886865,-0.0038983108486367575,2.0
1.6845165471119101,0.9866735725234519,-0.0038882084233179954,2.0
1.6860507151876039,0.9866676228753736,-0.0038780940449927672,2.0
1.6875848832632978,0.9866616887626455,-0.003867967807542492,2.0
1.6891190513389918,0.9866557702033085,-0.0038578298106231065,2.0
1.6906532194146857,0.9866498672152423,-0.0038476801595428265,2.0
1.6921873874903794,0.9866439798161561,-0.0038375189651350225,2.0
1.6937215555660734,0.9866381080235811,-0.003827346343628656,2.0
1.6952557236417674,0.9866322518548619,-0.0038171624165154417,2.0
1.6967898917174613,0.9866264113271491,-0.00380696731041318,2.0
1.6983240597931553,0.9866205864573911,-0.0037967611569269272,2.0
1.699858227868849,0.9866147772623273,-0.003786544092507278,2.0
1.701392395944543,0.98660898375848,-0.003776316258306709,2.0
1.702926564020237,0.9866032059621487,-0.0037660778000323117,2.0
1.7044607320959309,0.986597443889402,-0.003755828867797641,2.0
1.7059949001716248,0.9865916975560719,-0.0037455696159717326,2.0
1.7075290682473185,0.9865859669777473,-0.0037353002030285636,2.0
1.7090632363230125,0.9865802521697679,-0.0037250207913904656,2.0
1.7105974043987064,0.9865745531472182,-0.0037147315472762002,2.0
1.7121315724744004,0.9865688699249225,-0.0037044326405416502,2.0
1.7136657405500944,0.9865632025174389,-0.0036941242445249008,2.0
1.715199908625788,0.9865575509390545,-0.003683806535885821,2.0
1.716734076701482,0.9865519152037806,-0.0036734796944497,2.0
1.718268244777176,0.9865462953253479,-0.003663143903045001,2.0
1.71980241285287,0.9865406913172022,-0.003652799347346051,2.0
1.721336580928564,0.9865351031925007,-0.0036424462157110754,2.0
1.7228707490042576,0.9865295309641072,-0.0036320846990234965,2.0
1.7244049170799516,0.9865239746445895,-0.0036217149905306907,2.0
1.7259390851556455,0.9865184342462152,-0.0036113372856851253,2.0
1.7274732532313395,0.9865129097809492,-0.003600951781985107,2.0
1.7290074213070332,0.9865074012604502,-0.003590558678813756,2.0
1.7305415893827272,0.9865019086960687,-0.003580158177283919,2.0
1.7320757574584211,0.986496432098844,-0.0035697504800780286,2.0
1.733609925534115,0.9864909714795023,-0.0035593357912924615,2.0
1.735144093609809,0.9864855268484548,-0.0035489143162819505,2.0
1.7366782616855028,0.9864800982157961,-0.0035384862615043824,2.0
1.7382124297611967,0.9864746855913024,-0.003528051834368431,2.0
1.7397465978368907,0.9864692889844305,-0.00351761124308113,2.0
1.7412807659125846,0.986463908404317,-0.0035071646964967233,2.0
1.7428149339882786,0.9864585438597769,-0.003496712403968404,2.0
1.7443491020639723,0.9864531953593039,-0.0034862545752019905,2.0
1.7458832701396663,0.9864478629110693,-0.0034757914201072743,2.0
1.7474174382153602,0.9864425465229227,-0.003465323148658025,2.0
1.7489516062910542,0.9864372462023913,-0.0034548499707472767,2.0
1.7504857743667481,0.9864319619566807,-0.003444372096048887,2.0
1.7520199424424419,0.9864266937926756,-0.003433889733878982,2.0
1.7535541105181358,0.9864214417169399,-0.0034234030930615105,2.0
1.7550882785938298,0.9864162057357186,-0.003412912381793185,2.0
1.7566224466695237,0.9864109858549381,-0.003402417807513974,2.0
1.7581566147452177,0.9864057820802081,-0.003391919576776816,2.0
1.7596907828209114,0.9864005944168228,-0.0033814178951224387,2.0
1.7612249508966054,0.986395422869763,-0.0033709129669544,2.0
1.7627591189722993,0.9863902674436976,-0.0033604049954187904,2.0
1.7642932870479933,0.9863851281429862,-0.003349894182284267,2.0
1.765827455123687,0.986380004971681,-0.003339380727826586,2.0
1.767361623199381,0.9863748979335294,-0.0033288648307143497,2.0
1.768895791275075,0.9863698070319767,-0.003318346687898365,2.0
1.7704299593507689,0.986364732270169,-0.003307826494503831,2.0
1.7719641274264628,0.9863596736509556,-0.003297304443723635,2.0
1.7734982955021565,0.9863546311768928,-0.003286780726716865,2.0
1.7750324635778505,0.986349604850247,-0.0032762555325084874,2.0
1.7765666316535444,0.9863445946729978,-0.0032657290478922433,2.0
1.7781007997292384,0.986339600646842,-0.0032552014573360424,2.0
1.7796349678049324,0.986334622773197,-0.003244672942891072,2.0
1.781169135880626,0.9863296610532046,-0.003234143684102797,2.0
1.78270330395632,0.9863247154877355,-0.003223613857926448,2.0
1.784237472032014,0.9863197860773926,-0.003213083638642017,2.0
1.785771640107708,0.9863148728225158,-0.0032025531977771843,2.0
1.787305808183402,0.9863099757231865,-0.003192022704027858,2.0
1.7888399762590956,0.9863050947792311,-0.0031814923231862626,2.0
1.7903741443347896,0.9863002299902269,-0.003170962218067364,2.0
1.7919083124104835,0.9862953813555058,-0.003160432548443112,2.0
1.7934424804861775,0.9862905488741591,-0.0031499034709753593,2.0
1.7949766485618712,0.986285732545043,-0.003139375139153491,2.0
1.7965108166375652,0.986280932366783,-0.0031288477032356643,2.0
1.7980449847132591,0.9862761483377792,-0.003118321310191265,2.0
1.799579152788953,0.9862713804562112,-0.0031077961036472543,2.0
1.801113320864647,0.9862666287200437,-0.003097272223836395,2.0
1.8026474889403408,0.9862618931270313,-0.0030867498075500344,2.0
1.8041816570160347,0.9862571736747242,-0.0030762289880909366,2.0
1.8057158250917287,0.9862524703604736,-0.003065709895232834,2.0
1.8072499931674226,0.9862477831814369,-0.003055192655177534,2.0
1.8087841612431166,0.9862431121345836,-0.0030446773905199627,2.0
1.8103183293188103,0.9862384572167006,-0.0030341642202120966,2.0
1.8118524973945043,0.9862338184243978,-0.003023653259531667,2.0
1.8133866654701982,0.9862291957541143,-0.00301314462005181,2.0
1.8149208335458922,0.9862245892021234,-0.003002638409615707,2.0
1.8164550016215861,0.9862199987645389,-0.0029921347323113943,2.0
1.8179891696972799,0.9862154244373207,-0.0029816336884498987,2.0
1.8195233377729738,0.9862108662162805,-0.0029711353745468737,2.0
1.8210575058486678,0.986206324097088,-0.0029606398833053413,2.0
1.8225916739243617,0.9862017980752762,-0.002950147303600932,2.0
1.8241258420000557,0.986197288146248,-0.0029396577204713983,2.0
1.8256600100757494,0.9861927943052815,-0.002929171215105683,2.0
1.8271941781514434,0.9861883165475364,-0.002918687864836763,2.0
1.8287283462271373,0.9861838548680594,-0.002908207743138094,2.0
1.8302625143028313,0.9861794092617906,-0.0028977309196187876,2.0
1.831796682378525,0.9861749797235692,-0.0028872574600247746,2.0
1.833330850454219,0.9861705662481393,-0.0028767874262395805,2.0
1.834865018529913,0.9861661688301562,-0.002866320876288212,2.0
1.8363991866056069,0.986161787464192,-0.0028558578643428163,2.0
1.8379333546813008,0.9861574221447417,-0.0028453984407308913,2.0
1.8394675227569945,0.9861530728662287,-0.0028349426519442772,2.0
1.8410016908326885,0.9861487396230111,-0.00282449054065225,2.0
1.8425358589083825,0.9861444224093875,-0.0028140421457129535,2.0
1.8440700269840764,0.9861401212196025,-0.0028035975021912644,2.0
1.8456041950597704,0.9861358360478528,-0.0027931566413741085,2.0
1.847138363135464,0.9861315668882931,-0.0027827195907906025,2.0
1.848672531211158,0.986127313735041,-0.002772286374232196,2.0
1.850206699286852,0.9861230765821839,-0.0027618570117755883,2.0
1.851740867362546,0.9861188554237837,-0.0027514315198056438,2.0
1.85327503543824,0.9861146502538831,-0.00274100991104225,2.0
1.8548092035139336,0.9861104610665105,-0.0027305921945665057,2.0
1.8563433715896276,0.986106287855686,-0.002720178375849799,2.0
1.8578775396653215,0.9861021306154271,-0.002709768456783103,2.0
1.8594117077410155,0.9860979893397535,-0.002699362435709381,2.0
1.8609458758167094,0.986093864022693,-0.0026889603074552724,2.0
1.8624800438924032,0.9860897546582865,-0.0026785620633663237,2.0
1.8640142119680971,0.9860856612405938,-0.002668167691340783,2.0
1.865548380043791,0.9860815837636983,-0.002657777175867555,2.0
1.867082548119485,0.9860775222217122,-0.00264739049806293,2.0
1.8686167161951788,0.9860734766087821,-0.0026370076357100404,2.0
1.8701508842708727,0.9860694469190936,-0.0026266285632986974,2.0
1.8716850523465667,0.9860654331468763,-0.0026162532520655115,2.0
1.8732192204222606,0.9860614352864091,-0.002605881670037226,2.0
1.8747533884979546,0.9860574533320247,-0.002595513782072279,2.0
1.8762875565736483,0.9860534872781143,-0.00258514954990575,2.0
1.8778217246493423,0.9860495371191328,-0.0025747889321938574,2.0
1.8793558927250362,0.9860456028496032,-0.002564431884558741,2.0
1.8808900608007302,0.986041684464121,-0.0025540783596359026,2.0
1.8824242288764241,0.9860377819573589,-0.002543728307121037,2.0
1.8839583969521179,0.9860338953240714,-0.0025333816738176973,2.0
1.8854925650278118,0.9860300245590987,-0.002523038403685403,2.0
1.8870267331035058,0.9860261696573714,-0.0025126984378906884,2.0
1.8885609011791997,0.9860223306139146,-0.0025023617148548227,2.0
1.8900950692548937,0.986018507423852,-0.0024920281703052463,2.0
1.8916292373305874,0.9860147000824099,-0.002481697737326621,2.0
1.8931634054062814,0.9860109085849212,-0.002471370346412044,2.0
1.8946975734819753,0.9860071329268295,-0.0024610459255146534,2.0
1.8962317415576693,0.9860033731036926,-0.002450724400101117,2.0
1.897765909633363,0.9859996291111863,-0.002440405693202793,2.0
1.899300077709057,0.9859959009451085,-0.002430089725470163,2.0
1.900834245784751,0.9859921886013819,-0.002419776415225657,2.0
1.9023684138604449,0.9859884920760584,-0.002409465678517311,2.0
1.9039025819361388,0.985984811365322,-0.0023991574291733096,2.0
1.9054367500118325,0.9859811464654922,-0.002388851578855312,2.0
1.9069709180875265,0.9859774973730271,-0.00237854803711344,2.0
1.9085050861632205,0.985973864084527,-0.0023682467114408755,2.0
1.9100392542389144,0.9859702465967372,-0.002357947507328243,2.0
1.9115734223146084,0.9859666449065505,-0.002347650328317709,2.0
1.913107590390302,0.9859630590110112,-0.0023373550760595768,2.0
1.914641758465996,0.9859594889073171,-0.0023270616503651693,2.0
1.91617592654169,0.9859559345928223,-0.0023167699492625394,2.0
1.917710094617384,0.9859523960650399,-0.00230647986905129,2.0
1.919244262693078,0.985948873321645,-0.0022961913043569523,2.0
1.9207784307687716,0.9859453663604768,-0.002285904148186365,2.0
1.9223125988444656,0.9859418751795408,-0.002275618291979998,2.0
1.9238467669201595,0.9859383997770115,-0.002265333625669714,2.0
1.9253809349958535,0.9859349401512345,-0.0022550500377301525,2.0
1.9269151030715475,0.9859314963007287,-0.002244767415233662,2.0
1.9284492711472412,0.9859280682241882,-0.002234485643904123,2.0
1.9299834392229351,0.9859246559204845,-0.002224204608170994,2.0
1.931517607298629,0.9859212593886684,-0.0022139241912219683,2.0
1.933051775374323,0.9859178786279714,-0.002203644275055966,2.0
1.9345859434500168,0.9859145136378081,-0.002193364740536015,2.0
1.9361201115257107,0.9859111644177775,-0.0021830854674429042,2.0
1.9376542796014047,0.9859078309676644,-0.002172806334525016,2.0
1.9391884476770986,0.9859045132874413,-0.00216252721955248,2.0
1.9407226157527926,0.9859012113772697,-0.0021522479993673345,2.0
1.9422567838284863,0.9858979252375013,-0.0021419685499350746,2.0
1.9437909519041803,0.9858946548686792,-0.002131688746395869,2.0
1.9453251199798742,0.9858914002715397,-0.0021214084631140523,2.0
1.9468592880555682,0.9858881614470123,-0.0021111275737294,2.0
1.9483934561312621,0.985884938396222,-0.002100845951205843,2.0
1.9499276242069559,0.9858817311204894,-0.0020905634678815197,2.0
1.9514617922826498,0.9858785396213318,-0.002080279995517106,2.0
1.9529959603583438,0.985875363900464,-0.0020699954053451423,2.0
1.9545301284340377,0.9858722039597995,-0.002059709568117201,2.0
1.9560642965097317,0.9858690598014501,-0.002049422354152327,2.0
1.9575984645854254,0.9858659314277277,-0.002039133633383754,2.0
1.9591326326611194,0.985862818841144,-0.002028843275406798,2.0
1.9606668007368133,0.9858597220444113,-0.0020185511495229647,2.0
1.9622009688125073,0.9858566410404427,-0.0020082571247896125,2.0
1.963735136888201,0.9858535758323526,-0.0019979610700611257,2.0
1.965269304963895,0.9858505264234566,-0.0019876628540371885,2.0
1.966803473039589,0.9858474928172724,-0.0019773623453058983,2.0
1.9683376411152829,0.9858444750175189,-0.00196705941238799,2.0
1.9698718091909768,0.9858414730281171,-0.0019567539237802275,2.0
1.9714059772666706,0.9858384868531894,-0.0019464457479983534,2.0
1.9729401453423645,0.9858355164970601,-0.0019361347536196438,2.0
1.9744743134180585,0.985832561964255,-0.0019258208093245845,2.0
1.9760084814937524,0.9858296232595007,-0.0019155037839385391,2.0
1.9775426495694464,0.9858267003877255,-0.0019051835464712577,2.0
1.97907681764514,0.9858237933540575,-0.001894859966158216,2.0
1.980610985720834,0.9858209021638255,-0.0018845329124991777,2.0
1.982145153796528,0.985818026822558,-0.0018742022552969827,2.0
1.983679321872222,0.9858151673359827,-0.001863867864696442,2.0
1.985213489947916,0.9858123237100258,-0.0018535296112196851,2.0
1.9867476580236096,0.9858094959508117,-0.0018431873658051121,2.0
1.9882818260993036,0.9858066840646619,-0.001832840999842295,2.0
1.9898159941749975,0.9858038880580946,-0.0018224903852063809,2.0
1.9913501622506915,0.9858011079378238,-0.0018121353942939372,2.0
1.9928843303263855,0.9857983437107584,-0.0018017759000556889,2.0
1.9944184984020792,0.9857955953840012,-0.0017914117760299785,2.0
1.9959526664777731,0.9857928629648481,-0.0017810428963738387,2.0
1.997486834553467,0.9857901464607872,-0.0017706691358963412,2.0
1.999021002629161,0.9857874458794975,-0.0017602903700870613,2.0
2.000555170704855,0.9857847612288478,-0.0017499064751468746,2.0
2.0020893387805487,0.9857820925168961,-0.0017395173280172534,2.0
2.003623506856243,0.9857794397518875,-0.0017291228064075684,2.0
2.0051576749319366,0.985776802942254,-0.0017187227888243847,2.0
2.0066918430076304,0.9857741820966123,-0.0017083171545953226,2.0
2.0082260110833245,0.9857715772237631,-0.0016979057838981328,2.0
2.0097601791590183,0.9857689883326897,-0.0016874885577840577,2.0
2.0112943472347125,0.9857664154325563,-0.0016770653582034096,2.0
2.012828515310406,0.9857638585327069,-0.001666636068028711,2.0
2.0143626833861,0.9857613176426637,-0.001656200571079219,2.0
2.015896851461794,0.9857587927721259,-0.0016457587521424562,2.0
2.017431019537488,0.9857562839309675,-0.0016353104969965694,2.0
2.0189651876131816,0.9857537911292366,-0.0016248556924328612,2.0
2.0204993556888757,0.985751314377153,-0.001614394226275042,2.0
2.0220335237645695,0.9857488536851073,-0.0016039259874015366,2.0
2.0235676918402636,0.9857464090636588,-0.0015934508657645173,2.0
2.0251018599159574,0.9857439805235341,-0.001582968752409379,2.0
2.026636027991651,0.9857415680756249,-0.0015724795394948272,2.0
2.0281701960673453,0.9857391717309869,-0.0015619831203107437,2.0
2.029704364143039,0.9857367915008377,-0.0015514793892968872,2.0
2.031238532218733,0.985734427396555,-0.0015409682420612588,2.0
2.032772700294427,0.985732079429675,-0.0015304495753976927,2.0
2.0343068683701206,0.9857297476118901,-0.001519923287303057,2.0
2.035841036445815,0.9857274319550475,-0.0015093892769949538,2.0
2.0373752045215086,0.9857251324711472,-0.0014988474449278669,2.0
2.0389093725972027,0.9857228491723398,-0.001488297692810696,2.0
2.0404435406728965,0.9857205820709247,-0.0014777399236222371,2.0
2.04197770874859,0.9857183311793486,-0.00146717404162783,2.0
2.0435118768242844,0.9857160965102025,-0.0014565999523948386,2.0
2.045046044899978,0.9857138780762208,-0.001446017562808021,2.0
2.0465802129756723,0.9857116758902783,-0.0014354267810851777,2.0
2.048114381051366,0.9857094899653887,-0.001424827516791689,2.0
2.0496485491270597,0.9857073203147023,-0.0014142196808546645,2.0
2.051182717202754,0.985705166951504,-0.0014036031855780913,2.0
2.0527168852784476,0.9857030298892112,-0.0013929779446553744,2.0
2.054251053354142,0.9857009091413713,-0.0013823438731832645,2.0
2.0557852214298356,0.98569880472166,-0.001371700887674785,2.0
2.0573193895055293,0.9856967166438789,-0.0013610489060711648,2.0
2.0588535575812235,0.9856946449219531,-0.0013503878477531552,2.0
2.060387725656917,0.9856925895699293,-0.001339717633553904,2.0
2.0619218937326114,0.9856905506019733,-0.001329038185766503,2.0
2.063456061808305,0.9856885280323681,-0.0013183494281570252,2.0
2.064990229883999,0.985686521875511,-0.0013076512859712972,2.0
2.066524397959693,0.985684532145912,-0.0012969436859438855,2.0
2.0680585660353867,0.9856825588581912,-0.0012862265563064778,2.0
2.069592734111081,0.9856806020270764,-0.001275499826792819,2.0
2.0711269021867746,0.9856786616674009,-0.0012647634286462037,2.0
2.0726610702624684,0.9856767377941011,-0.0012540172946238592,2.0
2.0741952383381626,0.9856748304222144,-0.0012432613590003302,2.0
2.0757294064138563,0.9856729395668765,-0.0012324955575711968,2.0
2.0772635744895505,0.9856710652433195,-0.0012217198276557374,2.0
2.078797742565244,0.985669207466869,-0.0012109341080965964,2.0
2.080331910640938,0.9856673662529425,-0.001200138339261559,2.0
2.081866078716632,0.9856655416170463,-0.0011893324630422206,2.0
2.083400246792326,0.9856637335747738,-0.0011785164228519328,2.0
2.0849344148680196,0.9856619421418025,-0.0011676901636245832,2.0
2.0864685829437137,0.9856601673338923,-0.0011568536318098226,2.0
2.0880027510194075,0.985658409166883,-0.00114600677537007,2.0
2.0895369190951016,0.9856566676566918,-0.001135149543774519,2.0
2.0910710871707954,0.9856549428193112,-0.0011242818879940884,2.0
2.092605255246489,0.9856532346708065,-0.001113403760495208,2.0
2.0941394233221833,0.9856515432273137,-0.00110251511523205,2.0
2.095673591397877,0.9856498685050373,-0.001091615907639648,2.0
2.097207759473571,0.9856482105202478,-0.00108070609462613,2.0
2.098741927549265,0.9856465692892794,-0.0010697856345636726,2.0
2.1002760956249586,0.9856449448285283,-0.001058854487279679,2.0
2.101810263700653,0.9856433371544496,-0.0010479126140494545,2.0
2.1033444317763466,0.9856417462835563,-0.001036959977585109,2.0
2.1048785998520407,0.9856401722324157,-0.001025996542028177,2.0
2.1064127679277345,0.9856386150176485,-0.0010150222729395741,2.0
2.107946936003428,0.9856370746559256,-0.0010040371372914405,2.0
2.1094811040791224,0.9856355511639668,-0.000993041103458263,2.0
2.111015272154816,0.9856340445585382,-0.0009820341412078305,2.0
2.1125494402305103,0.9856325548564498,-0.0009710162216945197,2.0
2.114083608306204,0.9856310820745543,-0.00095998731745075,2.0
2.1156177763818977,0.985629626229744,-0.0009489474023811574,2.0
2.117151944457592,0.9856281873389494,-0.0009378964517539939,2.0
2.1186861125332856,0.9856267654191367,-0.0009268344421982421,2.0
2.12022028060898,0.985625360487306,-0.0009157613516959576,2.0
2.1217544486846736,0.985623972560489,-0.0009046771595793284,2.0
2.1232886167603673,0.985622601655747,-0.0008935818465257922,2.0
2.1248227848360615,0.9856212477901691,-0.0008824753945568705,2.0
2.126356952911755,0.9856199109808698,-0.0008713577870337304,2.0
2.1278911209874494,0.9856185912449869,-0.0008602290086570171,2.0
2.129425289063143,0.9856172885996799,-0.0008490890454659114,2.0
2.130959457138837,0.9856160030621276,-0.0008379378848371866,2.0
2.132493625214531,0.985614734649526,-0.0008267755154870386,2.0
2.1340277932902247,0.9856134833790864,-0.0008156019274709757,2.0
2.135561961365919,0.9856122492680334,-0.0008044171121852058,2.0
2.1370961294416126,0.9856110323336025,-0.0007932210623698543,2.0
2.1386302975173064,0.9856098325930386,-0.0007820137721101851,2.0
2.1401644655930006,0.9856086500635933,-0.0007707952368395414,2.0
2.1416986336686943,0.9856074847625234,-0.0007595654533422312,2.0
2.1432328017443885,0.9856063367070883,-0.0007483244197556354,2.0
2.144766969820082,0.9856052059145485,-0.0007370721355736487,2.0
2.146301137895776,0.9856040924021627,-0.0007258086016487877,2.0
2.14783530597147,0.9856029961871868,-0.0007145338201941331,2.0
2.149369474047164,0.9856019172868707,-0.0007032477947852716,2.0
2.150903642122858,0.9856008557184571,-0.0006919505303622939,2.0
2.1524378101985517,0.9855998114991787,-0.0006806420332280187,2.0
2.1539719782742455,0.9855987846462568,-0.0006693223110496018,2.0
2.1555061463499396,0.9855977751768985,-0.0006579913728570939,2.0
2.1570403144256334,0.9855967831082951,-0.0006466492290397778,2.0
2.158574482501327,0.98559580845762,-0.0006352958913437274,2.0
2.1601086505770213,0.9855948512420263,-0.0006239313728670354,2.0
2.161642818652715,0.9855939114786451,-0.0006125556880528222,2.0
2.163176986728409,0.9855929891845832,-0.0006011688526824657,2.0
2.164711154804103,0.9855920843769211,-0.0005897708838665022,2.0
2.1662453228797967,0.9855911970727114,-0.0005783618000328068,2.0
2.167779490955491,0.9855903272889758,-0.0005669416209167166,2.0
2.1693136590311846,0.9855894750427042,-0.0005555103675444402,2.0
2.1708478271068787,0.9855886403508521,-0.0005440680622191298,2.0
2.1723819951825725,0.985587823230339,-0.0005326147285036801,2.0
2.173916163258266,0.9855870236980462,-0.0005211503912009747,2.0
2.1754503313339604,0.9855862417708151,-0.0005096750763340769,2.0
2.176984499409654,0.9855854774654454,-0.0004981888111244225,2.0
2.1785186674853483,0.9855847307986932,-0.00048669162396829384,2.0
2.180052835561042,0.9855840017872693,-0.00047518354441090585,2.0
2.1815870036367357,0.9855832904478374,-0.00046366460312199226,2.0
2.18312117171243,0.9855825967970124,-0.00045213483186672934,2.0
2.1846553397881237,0.9855819208513591,-0.00044059426347826963,2.0
2.186189507863818,0.98558126262739,-0.0004290429318280559,2.0
2.1877236759395116,0.9855806221415643,-0.00041748087179569105,2.0
2.1892578440152053,0.9855799994102861,-0.00040590811923764316,2.0
2.1907920120908995,0.9855793944499031,-0.0003943247109570598,2.0
2.192326180166593,0.985578807276705,-0.0003827306846709749,2.0
2.1938603482422874,0.9855782379069226,-0.00037112607897940163,2.0
2.195394516317981,0.9855776863567258,-0.0003595109333342596,2.0
2.196928684393675,0.985577152642223,-0.00034788528800624833,2.0
2.198462852469369,0.9855766367794594,-0.0003362491840572141,2.0
2.1999970205450627,0.9855761387844161,-0.0003246026633073013,2.0
2.201531188620757,0.9855756586730089,-0.0003129457683074861,2.0
2.2030653566964506,0.9855751964610874,-0.0003012785423106113,2.0
2.2045995247721444,0.9855747521644336,-0.00028960102924597306,2.0
2.2061336928478386,0.9855743257987613,-0.0002779132736925204,2.0
2.2076678609235323,0.9855739173797148,-0.00026621532085571644,2.0
2.2092020289992265,0.9855735269228681,-0.00025450721654650876,2.0
2.21073619707492,0.9855731544437243,-0.00024278900716013266,2.0
2.212270365150614,0.985572799957714,-0.00023106073965902126,2.0
2.213804533226308,0.9855724634801951,-0.00021932246155676922,2.0
2.215338701302002,0.9855721450264521,-0.00020757422090470477,2.0
2.216872869377696,0.9855718446116944,-0.000195816066281125,2.0
2.2184070374533897,0.9855715622510567,-0.000184048046781863,2.0
2.2199412055290835,0.985571297959597,-0.00017227021201501636,2.0
2.2214753736047776,0.9855710517522968,-0.00016048261209623086,2.0
2.2230095416804714,0.9855708236440598,-0.00014868529764831197,2.0
2.224543709756165,0.9855706136497113,-0.00013687831980183516,2.0
2.2260778778318593,0.9855704217839973,-0.00012506173019858632,2.0
2.227612045907553,0.9855702480615839,-0.00011323558099810909,2.0
2.229146213983247,0.9855700924970563,-0.00010139992488536248,2.0
2.230680382058941,0.985569955104918,-8.955481508070846e-05,2.0
2.2322145501346347,0.98556983589959,-7.77003053532292e-05,2.0
2.233748718210329,0.9855697348954101,-6.583645003360023e-05,2.0
2.2352828862860226,0.9855696521066318,-5.3963304031014216e-05,2.0
2.2368170543617167,0.9855695875474234,-4.20809228494945e-05,2.0
2.2383512224374105,0.985569541231867,-3.0189362607315805e-05,2.0
2.239885390513104,0.9855695131739579,-1.8288680056258582e-05,2.0
2.2414195585887984,0.9855695033876032,-6.378932602361476e-06,2.0
2.242953726664492,0.9855695118866208,5.53982167354812e-06,2.0
2.2444878947401863,0.9855695386847385,1.7467523993769884e-05,2.0
2.24602206281588,0.9855695837955928,2.940411486231221e-05,2.0
2.2475562308915737,0.9855696472327279,4.134953404375131e-05,2.0
2.249090398967268,0.9855697290095943,5.330372054242327e-05,2.0
2.2506245670429617,0.9855698291395477,6.526661258244832e-05,2.0
2.252158735118656,0.9855699476358479,7.72381475875888e-05,2.0
2.2536929031943496,0.9855700845116575,8.921826216460273e-05,2.0
2.2552270712700433,0.9855702397800404,0.00010120689208582059,2.0
2.2567612393457375,0.9855704134539608,0.00011320397227593925,2.0
2.258295407421431,0.9855706055462815,0.00012520943679753956,2.0
2.2598295754971254,0.9855708160697632,0.00013722321884265224,2.0
2.261363743572819,0.9855710450370623,0.00014924525072371322,2.0
2.262897911648513,0.9855712924607304,0.0001612754638689029,2.0
2.264432079724207,0.9855715583532123,0.00017331378881931596,2.0
2.2659662477999007,0.985571842726845,0.00018536015523068177,2.0
2.267500415875595,0.9855721455938561,0.00019741449187597209,2.0
2.2690345839512887,0.9855724669663627,0.00020947672665300307,2.0
2.2705687520269824,0.9855728068563699,0.00022154678659575474,2.0
2.2721029201026766,0.9855731652757698,0.00023362459788685579,2.0
2.2736370881783703,0.9855735422363394,0.0002457100858755616,2.0
2.2751712562540645,0.9855739377497404,0.0002578031750992283,2.0
2.276705424329758,0.9855743518275175,0.0002699037893065618,2.0
2.278239592405452,0.985574784481097,0.0002820118514866939,2.0
2.279773760481146,0.9855752357217862,0.000294127283899423,2.0
2.28130792855684,0.9855757055607718,0.0003062500081099495,2.0
2.282842096632534,0.9855761940091193,0.0003183799450267741,2.0
2.2843762647082277,0.9855767010777722,0.0003305170149418158,2.0
2.2859104327839215,0.9855772267775502,0.0003426611375750792,2.0
2.2874446008596157,0.9855777711191496,0.0003548122321193784,2.0
2.2889787689353094,0.9855783341131417,0.00036697021728994243,2.0
2.290512937011003,0.9855789157699725,0.00037913501137496565,2.0
2.2920471050866973,0.9855795160999621,0.00039130653228771023,2.0
2.293581273162391,0.9855801351133042,0.0004034846976226601,2.0
2.295115441238085,0.9855807728200656,0.0004156694247089561,2.0
2.296649609313779,0.985581429230186,0.00042786063066860253,2.0
2.2981837773894727,0.9855821043534777,0.00044005823247373076,2.0
2.299717945465167,0.9855827981996255,0.00045226214700408473,2.0
2.3012521135408606,0.9855835107781865,0.0004644722911054498,2.0
2.3027862816165547,0.9855842420985905,0.00047668858164602856,2.0
2.3043204496922485,0.9855849921701397,0.0004889109355752578,2.0
2.305854617767942,0.9855857610020092,0.000501139269977188,2.0
2.3073887858436364,0.9855865486032471,0.0005133735021274141,2.0
2.30892295391933,0.9855873549827749,0.0005256135495436249,2.0
2.3104571219950243,0.9855881801493883,0.0005378593300376505,2.0
2.311991290070718,0.9855890241117571,0.0005501107617634046,2.0
2.3135254581464118,0.9855898868784263,0.000562367763261551,2.0
2.315059626222106,0.9855907684578166,0.000574630253502952,2.0
2.3165937942977997,0.9855916688582249,0.0005868981519276205,2.0
2.318127962373494,0.9855925880878257,0.0005991713784794549,2.0
2.3196621304491876,0.985593526154671,0.0006114498536383672,2.0
2.3211962985248813,0.9855944830666921,0.0006237334984484706,2.0
2.3227304666005755,0.9855954588316997,0.0006360222345406632,2.0
2.324264634676269,0.9855964534573856,0.0006483159841511612,2.0
2.3257988027519634,0.9855974669513228,0.0006606146701362025,2.0
2.327332970827657,0.9855984993209673,0.0006729182159818135,2.0
2.328867138903351,0.9855995505736586,0.0006852265458074704,2.0
2.330401306979045,0.9856006207166205,0.0006975395843668769,2.0
2.3319354750547387,0.9856017097569625,0.0007098572570416931,2.0
2.333469643130433,0.9856028177016807,0.000722179489832381,2.0
2.3350038112061267,0.9856039445576584,0.0007345062093425007,2.0
2.3365379792818204,0.9856050903316674,0.0007468373427591789,2.0
2.3380721473575146,0.9856062550303685,0.0007591728178285832,2.0
2.3396063154332083,0.9856074386603123,0.0007715125628264581,2.0
2.3411404835089025,0.9856086412279406,0.0007838565065248319,2.0
2.342674651584596,0.9856098627395861,0.0007962045781537864,2.0
2.34420881966029,0.9856111032014739,0.000808556707359895,2.0
2.345742987735984,0.9856123626197217,0.000820912824160613,2.0
2.347277155811678,0.9856136410003402,0.0008332728588944488,2.0
2.348811323887372,0.9856149383492336,0.000845636742169027,2.0
2.3503454919630657,0.9856162546722003,0.0008580044048062113,2.0
2.3518796600387595,0.9856175899749324,0.0008703757777832319,2.0
2.3534138281144537,0.9856189442630165,0.0008827507921734233,2.0
2.3549479961901474,0.9856203175419336,0.0008951293790839686,2.0
2.3564821642658416,0.9856217098170585,0.0009075114695931408,2.0
2.3580163323415353,0.9856231210936607,0.0009198969946854946,2.0
2.359550500417229,0.9856245513769032,0.0009322858851872769,2.0
2.361084668492923,0.9856260006718426,0.0009446780717015073,2.0
2.362618836568617,0.9856274689834287,0.0009570734845432779,2.0
2.3641530046443107,0.9856289563165037,0.000969472053674667,2.0
2.365687172720005,0.9856304626758019,0.0009818737086447007,2.0
2.3672213407956986,0.9856319880659485,0.0009942783785234885,2.0
2.3687555088713927,0.9856335324914595,0.0010066859918474575,2.0
2.3702896769470865,0.9856350959567398,0.0010190964765591467,2.0
2.37182384502278,0.9856366784660833,0.0010315097599541618,2.0
2.3733580130984744,0.9856382800236709,0.0010439257686312912,2.0
2.374892181174168,0.98563990063357,0.0010563444284423997,2.0
2.3764263492498623,0.9856415402997328,0.0010687656644514797,2.0
2.377960517325556,0.9856431990259955,0.001081189400893755,2.0
2.3794946854012498,0.9856448768160765,0.0010936155611417793,2.0
2.381028853476944,0.9856465736735754,0.0011060440676756377,2.0
2.3825630215526377,0.9856482896019716,0.0011184748420569799,2.0
2.384097189628332,0.9856500246046225,0.001130907804911595,2.0
2.3856313577040256,0.9856517786847623,0.0011433428759140992,2.0
2.3871655257797193,0.9856535518455006,0.0011557799737796106,2.0
2.3886996938554135,0.9856553440898208,0.001168219016262973,2.0
2.390233861931107,0.9856571554205785,0.0011806599201615315,2.0
2.3917680300068014,0.9856589858405005,0.0011931026013247295,2.0
2.393302198082495,0.9856608353521827,0.0012055469746703137,2.0
2.394836366158189,0.9856627039580895,0.0012179929542068604,2.0
2.396370534233883,0.9856645916605516,0.0012304404530605769,2.0
2.3979047023095768,0.9856664984617655,0.0012428893835110355,2.0
2.399438870385271,0.9856684243637914,0.0012553396570294606,2.0
2.4009730384609647,0.9856703693685531,0.00126779118432606,2.0
2.4025072065366584,0.9856723334778359,0.00128024387540085,2.0
2.4040413746123526,0.9856743166932861,0.0012926976395995905,2.0
2.4055755426880463,0.9856763190164101,0.0013051523856774268,2.0
2.4071097107637405,0.9856783404485735,0.0013176080218652542,2.0
2.408643878839434,0.9856803809910004,0.0013300644559406322,2.0
2.410178046915128,0.9856824406447728,0.0013425215953051335,2.0
2.411712214990822,0.9856845194108304,0.001354979347063193,2.0
2.413246383066516,0.9856866172899695,0.001367437618105673,2.0
2.41478055114221,0.9856887342828441,0.0013798963151978104,2.0
2.4163147192179038,0.9856908703899645,0.0013923553450677214,2.0
2.4178488872935975,0.9856930256116984,0.001404814614498899,2.0
2.4193830553692917,0.9856951999482704,0.0014172740304244865,2.0
2.4209172234449854,0.9856973933997628,0.0014297335000221078,2.0
2.4224513915206796,0.9856996059661163,0.0014421929308109148,2.0
2.4239855595963733,0.9857018376471299,0.0014546522307485247,2.0
2.425519727672067,0.9857040884424627,0.0014671113083282912,2.0
2.427053895747761,0.985706358351634,0.001479570072675853,2.0
2.428588063823455,0.985708647374025,0.001492028433644905,2.0
2.4301222318991487,0.9857109555088797,0.0015044863019123065,2.0
2.431656399974843,0.9857132827553067,0.001516943589069802,2.0
2.4331905680505366,0.9857156291122803,0.0015294002077144101,2.0
2.4347247361262307,0.9857179945786425,0.0015418560715369835,2.0
2.4362589042019245,0.9857203791531047,0.0015543110954043856,2.0
2.437793072277618,0.9857227828342496,0.0015667651954416695,2.0
2.4393272403533124,0.9857252056205333,0.0015792182891077064,2.0
2.440861408429006,0.9857276475102874,0.0015916702952669328,2.0
2.4423955765047003,0.9857301085017212,0.0016041211342566566,2.0
2.443929744580394,0.9857325885929241,0.0016165707279478167,2.0
2.4454639126560878,0.9857350877818684,0.0016290189998010814,2.0
2.446998080731782,0.985737606066411,0.0016414658749189515,2.0
2.4485322488074757,0.985740143444297,0.0016539112800858218,2.0
2.45006641688317,0.9857426999131613,0.0016663551438083778,2.0
2.4516005849588636,0.9857452754705324,0.0016787973963448368,2.0
2.4531347530345573,0.9857478701138339,0.0016912379697289744,2.0
2.4546689211102515,0.9857504838403883,0.001703676797786549,2.0
2.456203089185945,0.9857531166474193,0.0017161138161451784,2.0
2.4577372572616394,0.9857557685320544,0.0017285489622361158,2.0
2.459271425337333,0.985758439491328,0.0017409821752886457,2.0
2.460805593413027,0.9857611295221842,0.0017534133963193735,2.0
2.462339761488721,0.9857638386214789,0.0017658425681094216,2.0
2.4638739295644148,0.9857665667859832,0.0017782696351794588,2.0
2.465408097640109,0.9857693140123855,0.0017906945437545212,2.0
2.4669422657158027,0.9857720802972946,0.0018031172417217307,2.0
2.4684764337914964,0.9857748656372413,0.0018155376785831292,2.0
2.4700106018671906,0.9857776700286817,0.001827955805398361,2.0
2.4715447699428843,0.985780493467999,0.0018403715747244123,2.0
2.4730789380185785,0.9857833359515059,0.0018527849405461955,2.0
2.474613106094272,0.9857861974754465,0.0018651958582026947,2.0
2.476147274169966,0.9857890780359982,0.0018776042843057876,2.0
2.47768144224566,0.9857919776292741,0.0018900101766565138,2.0
2.479215610321354,0.9857948962513235,0.0019024134941520766,2.0
2.480749778397048,0.985797833898135,0.0019148141966915696,2.0
2.4822839464727418,0.9858007905656365,0.0019272122450765424,2.0
2.4838181145484355,0.9858037662496972,0.001939607600906627,2.0
2.4853522826241297,0.9858067609461284,0.0019520002264723363,2.0
2.4868864506998234,0.9858097746506844,0.001964390084646362,2.0
2.4884206187755176,0.9858128073590635,0.001976777138768659,2.0
2.4899547868512113,0.9858158590669079,0.001989161352534585,2.0
2.491488954926905,0.9858189297698049,0.0020015426898759288,2.0
2.493023123002599,0.9858220194632863,0.002013921114845999,2.0
2.494557291078293,0.9858251281428289,0.0020262965915007684,2.0
2.4960914591539867,0.9858282558038541,0.002038669083781293,2.0
2.497625627229681,0.9858314024417278,0.0020510385553964123,2.0
2.4991597953053746,0.9858345680517596,0.002063404969707445,2.0
2.5006939633810688,0.985837752629202,0.0020757682896114975,2.0
2.5022281314567625,0.98584095616925,0.0020881284774310993,2.0
2.503762299532456,0.9858441786670397,0.002100485494802338,2.0
2.5052964676081504,0.9858474201176467,0.0021128393025687674,2.0
2.506830635683844,0.9858506805160857,0.0021251898606768124,2.0
2.5083648037595383,0.9858539598573082,0.002137537128076667,2.0
2.509898971835232,0.985857258136201,0.002149881062626579,2.0
2.5114331399109258,0.9858605753475844,0.002162221621003125,2.0
2.51296730798662,0.9858639114862107,0.0021745587586138727,2.0
2.5145014760623137,0.985867266546761,0.0021868924295201965,2.0
2.516035644138008,0.9858706405238444,0.0021992225863610377,2.0
2.5175698122137016,0.9858740334119946,0.0022115491802871525,2.0
2.5191039802893953,0.9858774452056683,0.002223872160899351,2.0
2.5206381483650895,0.9858808758992422,0.002236191476194178,2.0
2.522172316440783,0.9858843254870109,0.0022485070725178544,2.0
2.5237064845164774,0.9858877939631838,0.0022608188945262733,2.0
2.525240652592171,0.985891281321883,0.002273126885152594,2.0
2.526774820667865,0.9858947875571402,0.0022854309855841583,2.0
2.528308988743559,0.9858983126628944,0.002297731135244681,2.0
2.5298431568192528,0.9859018566329888,0.0023100272717873657,2.0
2.531377324894947,0.9859054194611682,0.0023223193310929115,2.0
2.5329114929706407,0.9859090011410763,0.002334607247278833,2.0
2.5344456610463344,0.985912601666253,0.002346890952713885,2.0
2.5359798291220286,0.9859162210301322,0.0023591703780432593,2.0
2.5375139971977223,0.9859198592260383,0.0023714454522189856,2.0
2.5390481652734165,0.9859235162471843,0.00238371610254111,2.0
2.54058233334911,0.9859271920866695,0.002395982254704299,2.0
2.542116501424804,0.9859308867374763,0.0024082438328538874,2.0
2.543650669500498,0.9859346001924689,0.0024205007596479096,2.0
2.545184837576192,0.9859383324443906,0.0024327529563265187,2.0
2.546719005651886,0.9859420834858615,0.002445000342791164,2.0
2.5482531737275798,0.9859458533093773,0.0024572428376856627,2.0
2.5497873418032735,0.9859496419073069,0.002469480358487918,2.0
2.5513215098789677,0.9859534492718909,0.0024817128216058602,2.0
2.5528556779546614,0.9859572753952401,0.0024939401424792108,2.0
2.5543898460303556,0.9859611202693347,0.0025061622356873504,2.0
2.5559240141060493,0.985964983886022,0.0025183790150621814,2.0
2.557458182181743,0.9859688662370168,0.0025305903938045433,2.0
2.558992350257437,0.9859727673138997,0.0025427962846061723,2.0
2.560526518333131,0.9859766871081166,0.0025549965997751062,2.0
2.5620606864088247,0.9859806256109787,0.0025671912513636945,2.0
2.563594854484519,0.9859845828136619,0.0025793801513006045,2.0
2.5651290225602126,0.9859885587072071,0.0025915632115245456,2.0
2.5666631906359068,0.9859925532825204,0.002603740344119884,2.0
2.5681973587116005,0.9859965665303735,0.0026159114614540293,2.0
2.569731526787294,0.986000598441404,0.002628076476315601,2.0
2.5712656948629884,0.9860046490061167,0.0026402353020529797,2.0
2.572799862938682,0.9860087182148847,0.0026523878527132502,2.0
2.5743340310143763,0.9860128060579503,0.002664534043179424,2.0
2.57586819909007,0.9860169125254269,0.0026766737893082686,2.0
2.5774023671657638,0.9860210376073004,0.0026888070080651467,2.0
2.578936535241458,0.9860251812934312,0.002700933617658072,2.0
2.5804707033171517,0.9860293435735563,0.0027130535376679965,2.0
2.582004871392846,0.9860335244372918,0.002725166689177098,2.0
2.5835390394685396,0.986037723874135,0.002737272994893351,2.0
2.5850732075442333,0.9860419418734675,0.0027493723792709913,2.0
2.5866073756199275,0.9860461784245577,0.0027614647686272052,2.0
2.588141543695621,0.986050433516564,0.0027735500912534398,2.0
2.5896757117713154,0.986054707138538,0.0027856282775222184,2.0
2.591209879847009,0.9860589992794281,0.0027976992599882365,2.0
2.592744047922703,0.9860633099280822,0.0028097629734828056,2.0
2.594278215998397,0.9860676390732523,0.00282181935520485,2.0
2.5958123840740908,0.9860719867035976,0.0028338683448004246,2.0
2.597346552149785,0.9860763528076887,0.0028459098844411715,2.0
2.5988807202254787,0.9860807373740111,0.002857943918891962,2.0
2.6004148883011724,0.9860851403909702,0.0028699703955711005,2.0
2.6019490563768666,0.9860895618468944,0.0028819892646061445,2.0
2.6034832244525603,0.9860940017300401,0.0028940004788778517,2.0
2.6050173925282545,0.9860984600285957,0.0029060039940606323,2.0
2.606551560603948,0.9861029367306856,0.002917999768649956,2.0
2.608085728679642,0.9861074318243753,0.002929987763986493,2.0
2.609619896755336,0.9861119452976751,0.0029419679442683764,2.0
2.61115406483103,0.9861164771385449,0.0029539402765573586,2.0
2.612688232906724,0.9861210273348984,0.0029659047307748192,2.0
2.6142224009824178,0.9861255958746075,0.0029778612796920534,2.0
2.6157565690581115,0.9861301827455068,0.002989809898908298,2.0
2.6172907371338057,0.9861347879353977,0.0030017505668253758,2.0
2.6188249052094994,0.9861394114320525,0.0030136832646088514,2.0
2.6203590732851936,0.9861440532232191,0.0030256079761456947,2.0
2.6218932413608873,0.9861487132966246,0.003037524687991125,2.0
2.623427409436581,0.9861533916399794,0.003049433389308682,2.0
2.624961577512275,0.9861580882409814,0.0030613340718028082,2.0
2.626495745587969,0.9861628030873194,0.003073226729643055,2.0
2.628029913663663,0.986167536166677,0.0030851113593821223,2.0
2.629564081739357,0.9861722874667358,0.0030969879598666946,2.0
2.6310982498150506,0.9861770569751793,0.003108856532140721,2.0
2.6326324178907448,0.9861818446796957,0.0031207170793435984,2.0
2.6341665859664385,0.986186650567981,0.0031325696066014123,2.0
2.635700754042132,0.9861914746277421,0.003144414120912578,2.0
2.6372349221178264,0.9861963168466992,0.00315625063102832,2.0
2.63876909019352,0.9862011772125883,0.003168079147326823,2.0
2.6403032582692143,0.9862060557131638,0.0031798996816858895,2.0
2.641837426344908,0.9862109523362005,0.0031917122473462158,2.0
2.6433715944206018,0.9862158670694952,0.0032035168587768357,2.0
2.644905762496296,0.9862207999008685,0.0032153135315314595,2.0
2.6464399305719897,0.9862257508181668,0.0032271022821048745,2.0
2.647974098647684,0.9862307198092624,0.003238883127787175,2.0
2.6495082667233776,0.9862357068620553,0.003250656086512783,2.0
2.6510424347990713,0.986240711964474,0.0032624211767107933,2.0
2.6525766028747655,0.9862457351044758,0.003274178417152829,2.0
2.654110770950459,0.9862507762700466,0.003285927826798784,2.0
2.6556449390261534,0.9862558354492021,0.0032976694246449507,2.0
2.657179107101847,0.9862609126299865,0.003309403229568991,2.0
2.658713275177541,0.9862660078004727,0.0033211292601776155,2.0
2.660247443253235,0.9862711209487615,0.003332847534654942,2.0
2.6617816113289288,0.9862762520629806,0.003344558070610177,2.0
2.663315779404623,0.986281401131284,0.003356260884930517,2.0
2.6648499474803167,0.9862865681418498,0.0033679559936322765,2.0
2.6663841155560104,0.9862917530828793,0.00337964341171917,2.0
2.6679182836317046,0.986296955942595,0.0033913231530383775,2.0
2.6694524517073983,0.9863021767092388,0.0034029952301452087,2.0
2.6709866197830925,0.9863074153710696,0.0034146596541676016,2.0
2.672520787858786,0.9863126719163609,0.003426316434677114,2.0
2.67405495593448,0.9863179463333983,0.0034379655795640186,2.0
2.675589124010174,0.986323238610477,0.0034496070949155636,2.0
2.677123292085868,0.9863285487358984,0.0034612409849035537,2.0
2.678657460161562,0.986333876697967,0.0034728672516717092,2.0
2.6801916282372558,0.9863392224849877,0.003484485895234679,2.0
2.6817257963129495,0.9863445860852618,0.0034960969133789395,2.0
2.6832599643886437,0.9863499674870836,0.0035077003015721794,2.0
2.6847941324643374,0.9863553666787368,0.0035192960528791853,2.0
2.6863283005400316,0.9863607836484908,0.003530884157883322,2.0
2.6878624686157253,0.9863662183845965,0.00354246460461673,2.0
2.689396636691419,0.9863716708752824,0.003554037378496404,2.0
2.690930804767113,0.9863771411087506,0.0035656024622687603,2.0
2.692464972842807,0.9863826290731726,0.0035771598359614727,2.0
2.693999140918501,0.986388134756685,0.003588709476841191,2.0
2.695533308994195,0.986393658147385,0.0036002513593829666,2.0
2.6970674770698886,0.9863991992333266,0.0036117854552432877,2.0
2.6986016451455828,0.986404758002516,0.0036233117332437614,2.0
2.7001358132212765,0.986410334442907,0.003634830159361409,2.0
2.7016699812969702,0.986415928542397,0.0036463406967286046,2.0
2.7032041493726644,0.9864215402888225,0.00365784330563763,2.0
2.704738317448358,0.9864271696699544,0.003669337943556985,2.0
2.7062724855240523,0.9864328166734945,0.0036808245651534736,2.0
2.707806653599746,0.9864384812870706,0.0036923031223215553,2.0
2.7093408216754398,0.9864441634982324,0.003703773564222744,2.0
2.710874989751134,0.9864498632944477,0.0037152358373296625,2.0
2.7124091578268277,0.986455580663098,0.003726689885480644,2.0
2.713943325902522,0.9864613155914748,0.0037381356499378293,2.0
2.7154774939782156,0.9864670680667754,0.0037495730694574675,2.0
2.7170116620539093,0.9864728380760998,0.00376100208036183,2.0
2.7185458301296035,0.9864786256064462,0.0037724226166216098,2.0
2.7200799982052972,0.9864844306447085,0.003783834609944036,2.0
2.7216141662809914,0.9864902531776721,0.003795237989865428,2.0
2.723148334356685,0.9864960931920116,0.0038066326838530704,2.0
2.724682502432379,0.9865019506742868,0.0038180186174101983,2.0
2.726216670508073,0.9865078256109407,0.003829395714186805,2.0
2.7277508385837668,0.9865137179882965,0.0038407638960983297,2.0
2.729285006659461,0.9865196277925548,0.0038521230834444604,2.0
2.7308191747351547,0.9865255550097919,0.0038634731950381407,2.0
2.7323533428108484,0.9865314996259575,0.0038748141483340246,2.0
2.7338875108865426,0.9865374616268727,0.0038861458595642567,2.0
2.7354216789622363,0.9865434409982285,0.0038974682438758035,2.0
2.7369558470379305,0.9865494377255842,0.003908781215472393,2.0
2.738490015113624,0.9865554517943662,0.003920084687758337,2.0
2.740024183189318,0.9865614831898671,0.003931378573486411,2.0
2.741558351265012,0.986567531897245,0.00394266278490539,2.0
2.743092519340706,0.9865735979015225,0.0039539372339129795,2.0
2.7446266874164,0.9865796811875872,0.00396520183220696,2.0
2.7461608554920938,0.9865857817401907,0.003976456491438893,2.0
2.7476950235677875,0.9865918995439497,0.003987701123369149,2.0
2.7492291916434817,0.9865980345833454,0.003998935640021668,2.0
2.7507633597191754,0.986604186842725,0.0040101599538368265,2.0
2.7522975277948696,0.9866103563063022,0.004021373977829302,2.0
2.7538316958705633,0.9866165429581584,0.004032577625738054,2.0
2.755365863946257,0.9866227467822438,0.004043770812181527,2.0
2.756900032021951,0.9866289677623795,0.004054953452807522,2.0
2.758434200097645,0.9866352058822588,0.004066125464443181,2.0
2.759968368173339,0.9866414611254495,0.004077286765242084,2.0
2.761502536249033,0.986647733475396,0.004088437274828631,2.0
2.7630367043247266,0.986654022915422,0.00409957691444114,2.0
2.7645708724004208,0.9866603294287329,0.004110705607069189,2.0
2.7661050404761145,0.986666652998419,0.004121823277591164,2.0
2.7676392085518082,0.9866729936074584,0.00413292985290382,2.0
2.7691733766275024,0.9866793512387203,0.004144025262051911,2.0
2.770707544703196,0.9866857258749686,0.004155109436350589,2.0
2.7722417127788903,0.9866921174988654,0.004166182309505035,2.0
2.773775880854584,0.9866985260929749,0.004177243817723994,2.0
2.7753100489302778,0.9867049516397677,0.004188293899829412,2.0
2.776844217005972,0.9867113941216243,0.004199332497360037,2.0
2.7783783850816657,0.9867178535208403,0.004210359554669407,2.0
2.77991255315736,0.98672432981963,0.0042213750190193515,2.0
2.7814467212330536,0.9867308230001316,0.004232378840665494,2.0
2.7829808893087473,0.9867373330444116,0.004243370972939044,2.0
2.7845150573844415,0.9867438599344698,0.004254351372320816,2.0
2.7860492254601352,0.9867504036522441,0.004265319998508981,2.0
2.7875833935358294,0.9867569641796157,0.004276276814480939,2.0
2.789117561611523,0.986763541498414,0.004287221786548466,2.0
2.790651729687217,0.9867701355904221,0.004298154884405831,2.0
2.792185897762911,0.9867767464373817,0.00430907608117035,2.0
2.7937200658386048,0.9867833740209984,0.004319985353418405,2.0
2.795254233914299,0.9867900183229474,0.004330882681212737,2.0
2.7967884019899927,0.9867966793248789,0.004341768048121649,2.0
2.7983225700656864,0.986803357008423,0.004352641441235097,2.0
2.7998567381413806,0.9868100513551955,0.00436350285116924,2.0
2.8013909062170743,0.9868167623468032,0.004374352272067382,2.0
2.8029250742927685,0.9868234899648493,0.004385189701592483,2.0
2.8044592423684622,0.9868302341909387,0.004396015140912618,2.0
2.805993410444156,0.9868369950066838,0.004406828594680395,2.0
2.80752757851985,0.9868437723937089,0.004417630071004377,2.0
2.809061746595544,0.9868505663336565,0.0044284195814157335,2.0
2.810595914671238,0.9868573768081917,0.004439197140825458,2.0
2.8121300827469318,0.9868642037990076,0.004449962767477427,2.0
2.8136642508226255,0.9868710472878304,0.0044607164828944675,2.0
2.8151984188983197,0.9868779072564242,0.0044714583118171496,2.0
2.8167325869740134,0.9868847836865959,0.004482188282137148,2.0
2.8182667550497076,0.9868916765601999,0.004492906424825217,2.0
2.8198009231254013,0.9868985858591429,0.004503612773852625,2.0
2.821335091201095,0.9869055115653879,0.004514307366106193,2.0
2.8228692592767892,0.9869124536609589,0.0045249902412999666,2.0
2.824403427352483,0.9869194121279452,0.004535661441878995,2.0
2.825937595428177,0.9869263869485051,0.004546321012921174,2.0
2.827471763503871,0.9869333781048699,0.004556969002030878,2.0
2.8290059315795646,0.9869403855793478,0.004567605459230422,2.0
2.8305400996552588,0.9869474093543272,0.004578230436846366,2.0
2.8320742677309525,0.98695444941228,0.00458884398939089,2.0
2.8336084358066467,0.9869615057357652,0.004599446173440929,2.0
2.8351426038823404,0.9869685783074313,0.00461003704751267,2.0
2.836676771958034,0.9869756671100194,0.004620616671931261,2.0
2.8382109400337283,0.9869827721263658,0.0046311851087008585,2.0
2.839745108109422,0.9869898933394042,0.004641742421368073,2.0
2.8412792761851158,0.9869970307321682,0.004652288674885747,2.0
2.84281344426081,0.9870041842877926,0.004662823935472123,2.0
2.8443476123365037,0.9870113539895157,0.004673348270469408,2.0
2.845881780412198,0.9870185398206808,0.004683861748200059,2.0
2.8474159484878916,0.9870257417647369,0.0046943644378221825,2.0
2.8489501165635853,0.9870329598052406,0.004704856409181322,2.0
2.8504842846392795,0.9870401939258562,0.00471533773266564,2.0
2.8520184527149732,0.9870474441103566,0.0047258084790556525,2.0
2.8535526207906674,0.9870547103426238,0.0047362687193771335,2.0
2.855086788866361,0.9870619926066488,0.0047467185247520175,2.0
2.856620956942055,0.9870692908865317,0.004757157966249913,2.0
2.858155125017749,0.9870766051664812,0.0047675871147406165,2.0
2.8596892930934428,0.9870839354308144,0.004778006040746405,2.0
2.861223461169137,0.9870912816639557,0.004788414814295655,2.0
2.8627576292448307,0.9870986438504359,0.0047988135047784125,2.0
2.8642917973205244,0.9871060219748913,0.004809202180801898,2.0
2.8658259653962186,0.9871134160220617,0.004819580910048903,2.0
2.8673601334719123,0.9871208259767894,0.004829949759138739,2.0
2.8688943015476065,0.9871282518240169,0.004840308793488069,2.0
2.8704284696233002,0.9871356935487849,0.004850658077176635,2.0
2.871962637698994,0.9871431511362306,0.004860997672814851,2.0
2.873496805774688,0.9871506245715843,0.0048713276414136435,2.0
2.875030973850382,0.9871581138401675,0.0048816480422585375,2.0
2.876565141926076,0.9871656189273897,0.004891958932785201,2.0
2.8780993100017698,0.9871731398187458,0.0049022603684619245,2.0
2.8796334780774635,0.9871806764998121,0.0049125524026722035,2.0
2.8811676461531577,0.9871882289562439,0.004922835086602934,2.0
2.8827018142288514,0.9871957971737712,0.0049331084691366,2.0
2.8842359823045456,0.9872033811381954,0.004943372596748779,2.0
2.8857701503802393,0.9872109808353854,0.004953627513407225,2.0
2.887304318455933,0.9872185962512734,0.0049638732604779115,2.0
2.8888384865316272,0.9872262273718512,0.0049741098766358715,2.0
2.890372654607321,0.9872338741831653,0.0049843373977788005,2.0
2.891906822683015,0.9872415366713133,0.004994555856947765,2.0
2.893440990758709,0.9872492148224388,0.005004765284252458,2.0
2.8949751588344026,0.9872569086227269,0.005014965706800288,2.0
2.8965093269100968,0.9872646180583996,0.00502515714863279,2.0
2.8980434949857905,0.9872723431157112,0.005035339630665695,2.0
2.8995776630614847,0.9872800837809431,0.005045513170635609,2.0
2.9011118311371784,0.9872878400403988,0.005055677783051017,2.0
2.902645999212872,0.9872956118803993,0.005065833479150446,2.0
2.9041801672885663,0.9873033992872775,0.005075980266864674,2.0
2.90571433536426,0.9873112022473737,0.005086118150784496,2.0
2.907248503439954,0.9873190207470296,0.005096247132136304,2.0
2.908782671515648,0.9873268547725841,0.00510636720876051,2.0
2.9103168395913417,0.9873347043103672,0.0051164783750971676,2.0
2.911851007667036,0.9873425693466952,0.005126580622177762,2.0
2.9133851757427296,0.9873504498678656,0.005136673937620271,2.0
2.9149193438184233,0.9873583458601514,0.005146758305633164,2.0
2.9164535118941175,0.9873662573097963,0.005156833707021777,2.0
2.9179876799698112,0.9873741842030095,0.005166900119202578,2.0
2.9195218480455054,0.9873821265259601,0.005176957516222029,2.0
2.921056016121199,0.9873900842647725,0.005187005868779895,2.0
2.922590184196893,0.9873980574055208,0.0051970451442599815,2.0
2.924124352272587,0.9874060459342242,0.005207075306764592,2.0
2.9256585203482808,0.9874140498368418,0.005217096317154038,2.0
2.927192688423975,0.9874220690992678,0.005227108133093192,2.0
2.9287268564996687,0.9874301037073265,0.005237110709100594,2.0
2.9302610245753624,0.987438153646768,0.005247103996603717,2.0
2.9317951926510566,0.9874462189032628,0.005257087943999172,2.0
2.9333293607267503,0.9874542994623979,0.005267062496717299,2.0
2.9348635288024445,0.9874623953096723,0.0052770275972905765,2.0
2.9363976968781382,0.9874705064304921,0.005286983185428094,2.0
2.937931864953832,0.987478632810167,0.0052969291980926765,2.0
2.939466033029526,0.9874867744339059,0.005306865569582671,2.0
2.94100020110522,0.9874949312868128,0.005316792231618293,2.0
2.942534369180914,0.9875031033538831,0.005326709113430954,2.0
2.9440685372566078,0.9875112906200002,0.0053366161418568194,2.0
2.9456027053323015,0.9875194930699315,0.005346513241433191,2.0
2.9471368734079957,0.9875277106883253,0.00535640033449938,2.0
2.9486710414836894,0.9875359434597076,0.005366277341299199,2.0
2.9502052095593836,0.987544191368479,0.005376144180087881,2.0
2.9517393776350773,0.9875524543989118,0.005386000767240729,2.0
2.953273545710771,0.9875607325351472,0.005395847017365756,2.0
2.9548077137864652,0.9875690257611929,0.005405682843416103,2.0
2.956341881862159,0.9875773340609207,0.0054155081568085595,2.0
2.957876049937853,0.9875856574180645,0.005425322867540425,2.0
2.959410218013547,0.9875939958162178,0.005435126884310857,2.0
2.9609443860892406,0.9876023492388324,0.005444920114642504,2.0
2.9624785541649348,0.9876107176692166,0.005454702465005128,2.0
2.9640127222406285,0.9876191010905339,0.0054644738409410695,2.0
2.9655468903163227,0.9876274994858013,0.005474234147190312,2.0
2.9670810583920164,0.9876359128378891,0.005483983287818382,2.0
2.96861522646771,0.9876443411295193,0.005493721166343364,2.0
2.9701493945434043,0.9876527843432652,0.005503447685864739,2.0
2.971683562619098,0.9876612424615511,0.005513162749191901,2.0
2.973217730694792,0.9876697154666519,0.005522866258972547,2.0
2.974751898770486,0.9876782033406932,0.005532558117822418,2.0
2.9762860668461797,0.9876867060656512,0.005542238228452691,2.0
2.977820234921874,0.9876952236233533,0.005551906493799493,2.0
2.9793544029975676,0.9877037559954783,0.005561562817150687,2.0
2.9808885710732613,0.9877123031635577,0.005571207102273443,2.0
2.9824227391489555,0.987720865108976,0.005580839253539969,2.0
2.9839569072246492,0.9877294418129724,0.005590459176052864,2.0
2.9854910753003434,0.9877380332566416,0.005600066775768515,2.0
2.987025243376037,0.9877466394209354,0.0056096619596197345,2.0
2.988559411451731,0.9877552602866649,0.005619244635636385,2.0
2.990093579527425,0.9877638958345017,0.00562881471306407,2.0
2.991627747603119,0.9877725460449802,0.005638372102482211,2.0
2.993161915678813,0.9877812108984999,0.005647916715918633,2.0
2.9946960837545067,0.9877898903753278,0.005657448466961756,2.0
2.9962302518302004,0.9877985844556008,0.005666967270873242,2.0
2.9977644199058946,0.9878072931193285,0.005676473044693473,2.0
2.9992985879815883,0.9878160163463962,0.005685965707349308,2.0
3.0008327560572825,0.9878247541165678,0.005695445179756072,2.0
3.0023669241329762,0.9878335064094892,0.005704911384917048,2.0
3.00390109220867,0.9878422732046914,0.0057143642480214085,2.0
3.005435260284364,0.9878510544815942,0.005723803696537824,2.0
3.006969428360058,0.9878598502195096,0.005733229660304693,2.0
3.008503596435752,0.987868660397646,0.005742642071618136,2.0
3.010037764511446,0.9878774849951116,0.005752040865316012,2.0
3.0115719325871395,0.9878863239909189,0.005761425978858595,2.0
3.0131061006628337,0.9878951773639882,0.005770797352405311,2.0
3.0146402687385274,0.9879040450931527,0.005780154928888323,2.0
3.0161744368142216,0.9879129271571621,0.005789498654081881,2.0
3.0177086048899153,0.9879218235346874,0.005798828476669028,2.0
3.019242772965609,0.9879307342043255,0.00580814434830235,2.0
3.0207769410413032,0.9879396591446039,0.005817446223663743,2.0
3.022311109116997,0.9879485983339851,0.005826734060517017,2.0
3.023845277192691,0.9879575517508716,0.005836007819758714,2.0
3.025379445268385,0.987966519373611,0.005845267465465059,2.0
3.0269136133440786,0.9879755011805006,0.005854512964931745,2.0
3.0284477814197728,0.9879844971497924,0.005863744288714986,2.0
3.0299819494954665,0.9879935072596985,0.005872961410662267,2.0
3.0315161175711607,0.9880025314883957,0.005882164307944409,2.0
3.0330502856468544,0.9880115698140312,0.005891352961079434,2.0
3.034584453722548,0.9880206222147273,0.005900527353954866,2.0
3.0361186217982423,0.988029688668587,0.0059096874738447155,2.0
3.037652789873936,0.9880387691536987,0.005918833311421905,2.0
3.0391869579496302,0.9880478636481419,0.005927964860768424,2.0
3.040721126025324,0.9880569721299922,0.005937082119378715,2.0
3.0422552941010177,0.9880660945773266,0.005946185088160561,2.0
3.043789462176712,0.9880752309682288,0.005955273771432975,2.0
3.0453236302524056,0.9880843812807941,0.005964348176916938,2.0
3.0468577983280993,0.9880935454931352,0.005973408315725018,2.0
3.0483919664037935,0.9881027235833868,0.0059824542023452785,2.0
3.0499261344794872,0.9881119155297109,0.005991485854622084,2.0
3.0514603025551814,0.9881211213103023,0.006000503293732961,2.0
3.052994470630875,0.988130340903393,0.006009506544161346,2.0
3.054528638706569,0.9881395742872578,0.0060184956336653,2.0
3.056062806782263,0.9881488214402192,0.006027470593243601,2.0
3.057596974857957,0.9881580823406518,0.006036431457097122,2.0
3.059131142933651,0.9881673569669878,0.006045378262586944,2.0
3.0606653110093447,0.9881766452977213,0.006054311050189402,2.0
3.0621994790850384,0.9881859473114134,0.006063229863446488,2.0
3.0637336471607326,0.9881952629866965,0.006072134748915684,2.0
3.0652678152364263,0.988204592302279,0.006081025756112145,2.0
3.0668019833121205,0.9882139352369497,0.0060899029374521015,2.0
3.0683361513878142,0.9882232917695822,0.006098766348191103,2.0
3.069870319463508,0.9882326618791392,0.006107616046358317,2.0
3.071404487539202,0.9882420455446763,0.006116452092690501,2.0
3.072938655614896,0.9882514427453466,0.006125274550561143,2.0
3.07447282369059,0.9882608534604043,0.0061340834859073285,2.0
3.076006991766284,0.9882702776692085,0.006142878967155168,2.0
3.0775411598419775,0.9882797153512272,0.006151661065140608,2.0
3.0790753279176717,0.9882891664860403,0.006160429853030482,2.0
3.0806094959933654,0.9882986310533436,0.00616918540623838,2.0
3.0821436640690596,0.9883081090329519,0.006177927802341594,2.0
3.0836778321447533,0.9883176004048021,0.006186657120992604,2.0
3.085212000220447,0.9883271051489566,0.006195373443831248,2.0
3.0867461682961412,0.9883366232456058,0.006204076854394498,2.0
3.088280336371835,0.9883461546750709,0.006212767438023069,2.0
3.089814504447529,0.9883556994178069,0.006221445281768039,2.0
3.091348672523223,0.9883652574544046,0.006230110474295738,2.0
3.0928828405989166,0.9883748287655933,0.006238763105791255,2.0
3.094417008674611,0.9883844133322429,0.006247403267858507,2.0
3.0959511767503045,0.9883940111353656,0.006256031053423636,2.0
3.0974853448259987,0.9884036221561183,0.0062646465566334,2.0
3.0990195129016924,0.988413246375804,0.00627324987275359,2.0
3.100553680977386,0.9884228837758732,0.006281841098068527,2.0
3.1020878490530803,0.9884325343379258,0.006290420329777478,2.0
3.103622017128774,0.9884421980437119,0.0062989876658911615,2.0
3.1051561852044682,0.9884518748751333,0.006307543205129711,2.0
3.106690353280162,0.9884615648142439,0.006316087046817468,2.0
3.1082245213558557,0.9884712678432507,0.00632461929077822,2.0
3.10975868943155,0.9884809839445147,0.00633314003723255,2.0
3.1112928575072436,0.9884907131005509,0.006341649386692074,2.0
3.1128270255829373,0.9885004552940291,0.006350147439856846,2.0
3.1143611936586315,0.9885102105077733,0.006358634297508986,2.0
3.1158953617343252,0.9885199787247624,0.006367110060411638,2.0
3.1174295298100194,0.9885297599281295,0.00637557482920354,2.0
3.118963697885713,0.988539554101162,0.006384028704297708,2.0
3.120497865961407,0.9885493612273005,0.006392471785779387,2.0
3.122032034037101,0.9885591812901388,0.006400904173303074,2.0
3.123566202112795,0.9885690142734225,0.006409325965994684,2.0
3.125100370188489,0.9885788601610486,0.006417737262349459,2.0
3.1266345382641827,0.9885887189370638,0.006426138160134913,2.0
3.1281687063398764,0.9885985905856638,0.0064345287562935696,2.0
3.1297028744155706,0.9886084750911914,0.006442909146845907,2.0
3.1312370424912643,0.9886183724381354,0.0064512794267961426,2.0
3.1327712105669585,0.9886282826111283,0.006459639690038958,2.0
3.1343053786426522,0.9886382055949452,0.006467990029267163,2.0
3.135839546718346,0.988648141374501,0.006476330535881313,2.0
3.13737371479404,0.9886580899348489,0.0064846612999019775,2.0
3.138907882869734,0.9886680512611782,0.0064929824098816785,2.0
3.140442050945428,0.9886780253388113,0.006501293952820446,2.0
3.141976219021122,0.9886880121532018,0.006509596014082633,2.0
3.1435103870968155,0.9886980116899314,0.006517888677315021,2.0
3.1450445551725097,0.9887080239347077,0.0065261720243691345,2.0
3.1465787232482034,0.9887180488733607,0.006534446135222282,2.0
3.1481128913238976,0.9887280864918402,0.006542711087904035,2.0
3.1496470593995913,0.9887381367762127,0.006550966958423261,2.0
3.151181227475285,0.988748199712658,0.0065592138206975415,2.0
3.1527153955509792,0.9887582752874662,0.0065674517464850354,2.0
3.154249563626673,0.9887683634870337,0.006575680805319779,2.0
3.155783731702367,0.9887784642978603,0.006583901064447043,2.0
3.157317899778061,0.9887885777065454,0.006592112588764289,2.0
3.1588520678537546,0.9887987036997841,0.006600315440761695,2.0
3.160386235929449,0.9888088422643637,0.0066085096804673815,2.0
3.1619204040051425,0.98881899338716,0.006616695365394535,2.0
3.1634545720808367,0.9888291570551324,0.006624872550490577,2.0
3.1649887401565304,0.9888393332553214,0.006633041288089785,2.0
3.166522908232224,0.9888495219748431,0.006641201627868729,2.0
3.1680570763079183,0.988859723200886,0.006649353616803878,2.0
3.169591244383612,0.9888699369207063,0.006657497299131989,2.0
3.1711254124593062,0.988880163121624,0.006665632716313644,2.0
3.172659580535,0.9888904017910182,0.006673759906999461,2.0
3.1741937486106937,0.9889006529163229,0.006681878906998689,2.0
3.175727916686388,0.9889109164850229,0.00668998974925085,2.0
3.1772620847620816,0.9889211924846489,0.006698092463801216,2.0
3.1787962528377753,0.9889314809027733,0.006706187077776395,2.0
3.1803304209134695,0.9889417817270054,0.0067142736153660175,2.0
3.1818645889891632,0.9889520949449875,0.006722352097804149,2.0
3.1833987570648574,0.9889624205443894,0.006730422543356254,2.0
3.184932925140551,0.9889727585129048,0.006738484967306924,2.0
3.186467093216245,0.988983108838246,0.006746539381950511,2.0
3.188001261291939,0.9889934715081397,0.006754585796586404,2.0
3.189535429367633,0.989003846510322,0.00676262421751387,2.0
3.191069597443327,0.9890142338325346,0.0067706546480328315,2.0
3.1926037655190207,0.9890246334625191,0.0067786770884448655,2.0
3.1941379335947144,0.9890350453880133,0.0067866915360582526,2.0
3.1956721016704086,0.9890454695967462,0.006794697985194857,2.0
3.1972062697461023,0.9890559060764335,0.0068026964271998384,2.0
3.1987404378217965,0.989066354814773,0.006810686850454356,2.0
3.2002746058974902,0.9890768157994403,0.006818669240390054,2.0
3.201808773973184,0.9890872890180841,0.006826643579505705,2.0
3.203342942048878,0.9890977744583218,0.006834609847388409,2.0
3.204877110124572,0.989108272107735,0.006842568020734177,2.0
3.206411278200266,0.9891187819538652,0.006850518073373182,2.0
3.20794544627596,0.9891293039842092,0.006858459976295889,2.0
3.2094796143516535,0.9891398381862153,0.006866393697682353,2.0
3.2110137824273477,0.9891503845472785,0.006874319202933742,2.0
3.2125479505030414,0.9891609430547368,0.006882236454705013,2.0
3.2140821185787356,0.9891715136958662,0.0068901454129404825,2.0
3.2156162866544293,0.9891820964578776,0.006898046034911501,2.0
3.217150454730123,0.9891926913279122,0.006905938275256407,2.0
3.2186846228058172,0.9892032982930377,0.0069138220860206455,2.0
3.220218790881511,0.989213917340244,0.0069216974167022605,2.0
3.221752958957205,0.98922454845644,0.006929564214294908,2.0
3.223287127032899,0.9892351916284495,0.006937422423337014,2.0
3.2248212951085926,0.9892458468430074,0.006945271985958494,2.0
3.226355463184287,0.9892565140867562,0.0069531128419338005,2.0
3.2278896312599805,0.9892671933462425,0.006960944928732141,2.0
3.2294237993356747,0.9892778846079135,0.00696876818157152,2.0
3.2309579674113684,0.9892885878581138,0.006976582533475564,2.0
3.232492135487062,0.9892993030830818,0.006984387915328893,2.0
3.2340263035627563,0.9893100302689466,0.006992184255935719,2.0
3.23556047163845,0.9893207694017252,0.0069999714820806035,2.0
3.2370946397141442,0.9893315204673191,0.0070077495185878295,2.0
3.238628807789838,0.9893422834515115,0.0070155182883853825,2.0
3.2401629758655317,0.9893530583399649,0.007023277712567148,2.0
3.241697143941226,0.9893638451182176,0.007031027710458889,2.0
3.2432313120169196,0.9893746437716818,0.00703876819968361,2.0
3.2447654800926133,0.9893854542856406,0.0070464990962277,2.0
3.2462996481683075,0.9893962766452461,0.007054220314510567,2.0
3.2478338162440012,0.9894071108355165,0.007061931767452171,2.0
3.2493679843196954,0.9894179568413343,0.007069633366543821,2.0
3.250902152395389,0.9894288146474443,0.007077325021917764,2.0
3.252436320471083,0.9894396842384512,0.007085006642420367,2.0
3.253970488546777,0.9894505655988182,0.007092678135682479,2.0
3.255504656622471,0.9894614587128648,0.007100339408193673,2.0
3.257038824698165,0.9894723635647658,0.0071079903653756575,2.0
3.2585729927738587,0.9894832801385488,0.007115630911655574,2.0
3.2601071608495524,0.989494208418094,0.007123260950541853,2.0
3.2616413289252466,0.9895051483871318,0.007130880384697951,2.0
3.2631754970009403,0.9895161000292423,0.007138489116019262,2.0
3.2647096650766345,0.9895270633278539,0.007146087045708083,2.0
3.2662438331523282,0.9895380382662426,0.00715367407435007,2.0
3.267778001228022,0.9895490248275312,0.007161250101990151,2.0
3.269312169303716,0.989560022994688,0.007168815028209872,2.0
3.27084633737941,0.989571032750527,0.007176368752203421,2.0
3.272380505455104,0.989582054077707,0.0071839111728539745,2.0
3.273914673530798,0.9895930869587313,0.007191442188811216,2.0
3.2754488416064915,0.9896041313759474,0.0071989616985672425,2.0
3.2769830096821857,0.989615187311547,0.0072064696005333054,2.0
3.2785171777578794,0.9896262547475659,0.007213965793115941,2.0
3.2800513458335736,0.9896373336658844,0.007221450174792265,2.0
3.2815855139092673,0.9896484240482267,0.007228922644186603,2.0
3.283119681984961,0.9896595258761625,0.007236383100145564,2.0
3.2846538500606552,0.9896706391311062,0.007243831441811287,2.0
3.286188018136349,0.9896817637943184,0.007251267568697903,2.0
3.287722186212043,0.9896928998469061,0.007258691380763832,2.0
3.289256354287737,0.9897040472698235,0.007266102778484757,2.0
3.2907905223634306,0.9897152060438733,0.00727350166292597,2.0
3.292324690439125,0.9897263761497072,0.0072808879358151266,2.0
3.2938588585148185,0.9897375575678272,0.007288261499610657,2.0
3.2953930265905127,0.9897487502785871,0.00729562225757346,2.0
3.2969271946662064,0.9897599542621935,0.007302970113835313,2.0
3.2984613627419,0.9897711694987075,0.007310304973465855,2.0
3.2999955308175943,0.9897823959680457,0.0073176267425407735,2.0
3.301529698893288,0.9897936336499827,0.007324935328206564,2.0
3.3030638669689822,0.9898048825241523,0.007332230638744893,2.0
3.304598035044676,0.9898161425700494,0.007339512583636745,2.0
3.3061322031203697,0.9898274137670316,0.007346781073624121,2.0
3.307666371196064,0.9898386960943222,0.007354036020770024,2.0
3.3092005392717576,0.9898499895310112,0.007361277338518718,2.0
3.310734707347452,0.9898612940560585,0.007368504941753658,2.0
3.3122688754231455,0.9898726096482953,0.007375718746853532,2.0
3.3138030434988393,0.9898839362864269,0.0073829186717475825,2.0
3.3153372115745334,0.9898952739490354,0.007390104635968764,2.0
3.316871379650227,0.989906622614582,0.007397276560706515,2.0
3.318405547725921,0.9899179822614093,0.007404434368856356,2.0
3.319939715801615,0.9899293528677444,0.007411577985068339,2.0
3.321473883877309,0.9899407344117019,0.007418707335795711,2.0
3.323008051953003,0.9899521268712861,0.0074258223493389045,2.0
3.3245422200286967,0.9899635302243941,0.007432922955889554,2.0
3.3260763881043904,0.9899749444488192,0.007440009087573433,2.0
3.3276105561800846,0.9899863695222533,0.007447080678489744,2.0
3.3291447242557783,0.9899978054222903,0.007454137664750238,2.0
3.3306788923314725,0.9900092521264295,0.007461179984516611,2.0
3.3322130604071662,0.9900207096120784,0.007468207578034796,2.0
3.33374722848286,0.990032177856556,0.0074752203876689806,2.0
3.335281396558554,0.990043656837096,0.007482218357933008,2.0
3.336815564634248,0.9900551465308509,0.007489201435520454,2.0
3.338349732709942,0.9900666469148942,0.007496169569333203,2.0
3.339883900785636,0.9900781579662247,0.007503122710507253,2.0
3.3414180688613295,0.9900896796617696,0.007510060812437898,2.0
3.3429522369370237,0.9901012119783884,0.007516983830803379,2.0
3.3444864050127174,0.9901127548928758,0.0075238917235846805,2.0
3.3460205730884116,0.9901243083819655,0.007530784451087125,2.0
3.3475547411641053,0.9901358724223344,0.007537661975957567,2.0
3.349088909239799,0.9901474469906053,0.007544524263200656,2.0
3.3506230773154932,0.9901590320633511,0.007551371280194038,2.0
3.352157245391187,0.9901706276170983,0.007558202996702118,2.0
3.353691413466881,0.9901822336283306,0.007565019384885768,2.0
3.355225581542575,0.9901938500734928,0.0075718204193158676,2.0
3.3567597496182686,0.9902054769289944,0.007578606076978352,2.0
3.358293917693963,0.9902171141712132,0.00758537633728426,2.0
3.3598280857696565,0.9902287617764992,0.007592131182073499,2.0
3.3613622538453507,0.9902404197211784,0.0075988705956211225,2.0
3.3628964219210444,0.9902520879815561,0.007605594564637605,2.0
3.364430589996738,0.9902637665339212,0.007612303078273557,2.0
3.3659647580724323,0.9902754553545499,0.007618996128117009,2.0
3.367498926148126,0.9902871544197086,0.007625673708193963,2.0
3.3690330942238202,0.9902988637056589,0.007632335814967008,2.0
3.370567262299514,0.9903105831886604,0.007638982447328327,2.0
3.3721014303752077,0.9903223128449747,0.007645613606598423,2.0
3.373635598450902,0.9903340526508694,0.007652229296518569,2.0
3.3751697665265956,0.9903458025826212,0.007658829523242931,2.0
3.37670393460229,0.9903575626165201,0.007665414295331357,2.0
3.3782381026779835,0.9903693327288728,0.007671983623739382,2.0
3.3797722707536773,0.9903811128960068,0.007678537521807636,2.0
3.3813064388293714,0.9903929030942734,0.007685076005250359,2.0
3.382840606905065,0.9904047033000516,0.00769159909214169,2.0
3.384374774980759,0.9904165134897519,0.00769810680290324,2.0
3.385908943056453,0.9904283336398196,0.007704599160288113,2.0
3.387443111132147,0.9904401637267386,0.007711076189365757,2.0
3.388977279207841,0.9904520037270346,0.0077175379175039305,2.0
3.3905114472835347,0.9904638536172788,0.007723984374352164,2.0
3.3920456153592284,0.9904757133740917,0.007730415591821181,2.0
3.3935797834349226,0.9904875829741456,0.007736831604064689,2.0
3.3951139515106163,0.9904994623941692,0.007743232447456916,2.0
3.3966481195863105,0.9905113516109499,0.007749618160571684,2.0
3.3981822876620043,0.9905232506013381,0.007755988784158498,2.0
3.399716455737698,0.9905351593422494,0.007762344361120127,2.0
3.401250623813392,0.9905470778106691,0.007768684936485639,2.0
3.402784791889086,0.9905590059836544,0.007775010557386703,2.0
3.40431895996478,0.9905709438383382,0.007781321273029411,2.0
3.405853128040474,0.9905828913519319,0.007787617134666129,2.0
3.4073872961161675,0.9905948485017287,0.00779389819556805,2.0
3.4089214641918617,0.9906068152651066,0.0078001645109941065,2.0
3.4104556322675554,0.9906187916195314,0.007806416138160623,2.0
3.4119898003432496,0.9906307775425595,0.007812653136209633,2.0
3.4135239684189433,0.9906427730118409,0.007818875566175533,2.0
3.415058136494637,0.9906547780051224,0.007825083490951727,2.0
3.4165923045703313,0.9906667925002497,0.007831276975255678,2.0
3.418126472646025,0.9906788164751709,0.007837456085593336,2.0
3.419660640721719,0.9906908499079385,0.007843620890220959,2.0
3.421194808797413,0.9907028927767126,0.007849771459109884,2.0
3.4227289768731066,0.990714945059763,0.007855907863904795,2.0
3.424263144948801,0.9907270067354721,0.007862030177885499,2.0
3.4257973130244945,0.990739077782337,0.007868138475926078,2.0
3.4273314811001887,0.9907511581789723,0.007874232834452502,2.0
3.4288656491758824,0.9907632479041119,0.00788031333140029,2.0
3.430399817251576,0.9907753469366115,0.007886380046170175,2.0
3.4319339853272703,0.9907874552554511,0.007892433059584217,2.0
3.433468153402964,0.9907995728397365,0.007898472453839461,2.0
3.4350023214786582,0.9908116996687019,0.00790449831246189,2.0
3.436536489554352,0.9908238357217113,0.007910510720258706,2.0
3.4380706576300457,0.990835980978261,0.007916509763270217,2.0
3.43960482570574,0.990848135417981,0.007922495528719955,2.0
3.4411389937814336,0.9908602990206368,0.007928468104966349,2.0
3.442673161857128,0.9908724717661311,0.007934427581450342,2.0
3.4442073299328215,0.9908846536345056,0.007940374048644783,2.0
3.4457414980085153,0.9908968446059421,0.007946307598002106,2.0
3.4472756660842094,0.9909090446607641,0.007952228321901173,2.0
3.448809834159903,0.9909212537794385,0.007958136313594226,2.0
3.450344002235597,0.9909334719425761,0.007964031667153065,2.0
3.451878170311291,0.9909456991309333,0.007969914477413666,2.0
3.453412338386985,0.9909579353254133,0.007975784839921308,2.0
3.454946506462679,0.9909701805070668,0.007981642850876528,2.0
3.4564806745383727,0.9909824346570927,0.007987488607076917,2.0
3.4580148426140664,0.9909946977568397,0.007993322205863452,2.0
3.4595490106897606,0.9910069697878062,0.007999143745061747,2.0
3.4610831787654543,0.9910192507316417,0.008004953322927224,2.0
3.4626173468411485,0.9910315405701466,0.008010751038088293,2.0
3.4641515149168423,0.9910438392852735,0.008016536989487927,2.0
3.465685682992536,0.9910561468591269,0.00802231127632967,2.0
3.46721985106823,0.991068463273964,0.008028073998018156,2.0
3.468754019143924,0.9910807885121946,0.008033825254104615,2.0
3.470288187219618,0.9910931225563814,0.00803956514422895,2.0
3.471822355295312,0.9911054653892399,0.00804529376806574,2.0
3.4733565233710055,0.9911178169936388,0.008051011225265872,2.0
3.4748906914466997,0.9911301773525992,0.008056717615403662,2.0
3.4764248595223934,0.9911425464492951,0.008062413037920253,2.0
3.4779590275980876,0.9911549242670524,0.008068097592070682,2.0
3.4794931956737813,0.9911673107893493,0.008073771376869222,2.0
3.481027363749475,0.9911797059998151,0.008079434491036565,2.0
3.4825615318251693,0.9911921098822303,0.00808508703294776,2.0
3.484095699900863,0.9912045224205255,0.008090729100580294,2.0
3.485629867976557,0.9912169435987811,0.008096360791464415,2.0
3.487164036052251,0.9912293734012262,0.008101982202631591,2.0
3.4886982041279446,0.991241811812238,0.008107593430567678,2.0
3.490232372203639,0.991254258816341,0.00811319457116376,2.0
3.4917665402793325,0.9912667143982055,0.008118785719669418,2.0
3.4933007083550267,0.991279178542647,0.008124366970648188,2.0
3.4948348764307204,0.9912916512346251,0.00812993841793188,2.0
3.496369044506414,0.9913041324592421,0.008135500154577695,2.0
3.4979032125821083,0.9913166222017417,0.0081410522728255,2.0
3.499437380657802,0.9913291204475078,0.00814659486405798,2.0
3.5009715487334963,0.9913416271820631,0.00815212801875986,2.0
3.50250571680919,0.9913541423910679,0.00815765182648006,2.0
3.5040398848848837,0.9913666660603182,0.008163166375794246,2.0
3.505574052960578,0.9913791981757444,0.00816867175426964,2.0
3.5071082210362716,0.9913917387234097,0.008174168048429188,2.0
3.508642389111966,0.9914042876895082,0.008179655343720308,2.0
3.5101765571876595,0.9914168450603635,0.008185133724480773,2.0
3.5117107252633533,0.9914294108224271,0.00819060327391013,2.0
3.5132448933390474,0.9914419849622759,0.008196064074039408,2.0
3.514779061414741,0.991454567466611,0.008201516205702537,2.0
3.5163132294904353,0.9914671583222556,0.008206959748511383,2.0
3.517847397566129,0.9914797575161534,0.0082123947808285,2.0
3.519381565641823,0.9914923650353659,0.00821782137974416,2.0
3.520915733717517,0.9915049808670713,0.008223239621052493,2.0
3.5224499017932107,0.9915176049985618,0.008228649579229952,2.0
3.5239840698689044,0.9915302374172419,0.008234051327414518,2.0
3.5255182379445986,0.9915428781106262,0.008239444937386377,2.0
3.5270524060202924,0.9915555270663374,0.008244830479548227,2.0
3.5285865740959865,0.991568184272104,0.008250208022909359,2.0
3.5301207421716803,0.9915808497157581,0.008255577635067053,2.0
3.531654910247374,0.9915935233852335,0.008260939382193388,2.0
3.533189078323068,0.9916062052685632,0.008266293329017758,2.0
3.534723246398762,0.9916188953538774,0.008271639538814381,2.0
3.536257414474456,0.9916315936294008,0.008276978073388713,2.0
3.53779158255015,0.991644300083451,0.008282308993065732,2.0
3.5393257506258435,0.9916570147044357,0.008287632356675635,2.0
3.5408599187015377,0.9916697374808505,0.008292948221545554,2.0
3.5423940867772314,0.9916824684012768,0.00829825664348697,2.0
3.5439282548529256,0.9916952074543792,0.008303557676786005,2.0
3.5454624229286194,0.9917079546289032,0.008308851374193812,2.0
3.546996591004313,0.9917207099136728,0.008314137786916876,2.0
3.5485307590800073,0.9917334732975883,0.008319416964608127,2.0
3.550064927155701,0.9917462447696237,0.008324688955358569,2.0
3.551599095231395,0.9917590243188243,0.008329953805688116,2.0
3.553133263307089,0.9917718119343046,0.008335211560537502,2.0
3.5546674313827826,0.9917846076052454,0.008340462263261109,2.0
3.556201599458477,0.9917974113208917,0.008345705955617216,2.0
3.5577357675341705,0.9918102230705499,0.00835094267776166,2.0
3.5592699356098647,0.9918230428435857,0.008356172468239578,2.0
3.5608041036855584,0.9918358706294214,0.008361395363975746,2.0
3.562338271761252,0.9918487064175334,0.008366611400270698,2.0
3.5638724398369463,0.9918615501974499,0.008371820610788465,2.0
3.56540660791264,0.9918744019587481,0.008377023027551132,2.0
3.5669407759883343,0.9918872616910519,0.008382218680930684,2.0
3.568474944064028,0.991900129384029,0.008387407599639626,2.0
3.5700091121397217,0.9919130050273891,0.008392589810724112,2.0
3.571543280215416,0.9919258886108803,0.008397765339554332,2.0
3.5730774482911096,0.9919387801242872,0.008402934209818028,2.0
3.574611616366804,0.9919516795574281,0.008408096443509231,2.0
3.5761457844424975,0.9919645869001528,0.008413252060922208,2.0
3.5776799525181913,0.991977502142339,0.008418401080641196,2.0
3.5792141205938854,0.9919904252738909,0.008423543519532254,2.0
3.580748288669579,0.9920033562847355,0.008428679392734265,2.0
3.5822824567452733,0.9920162951648205,0.008433808713650173,2.0
3.583816624820967,0.9920292419041115,0.008438931493938213,2.0
3.585350792896661,0.9920421964925892,0.008444047743503037,2.0
3.586884960972355,0.9920551589202469,0.008449157470487112,2.0
3.5884191290480487,0.9920681291770876,0.008454260681262057,2.0
3.5899532971237424,0.9920811072531216,0.008459357380420281,2.0
3.5914874651994366,0.992094093138363,0.008464447570766585,2.0
3.5930216332751304,0.992107086822828,0.008469531253310462,2.0
3.5945558013508245,0.9921200882965311,0.008474608427258544,2.0
3.5960899694265183,0.9921330975494831,0.008479679090006341,2.0
3.597624137502212,0.992146114571688,0.00848474323713285,2.0
3.599158305577906,0.99215913935314,0.008489800862393013,2.0
3.6006924736536,0.9921721718838213,0.008494851957711732,2.0
3.602226641729294,0.9921852121536986,0.008499896513179415,2.0
3.603760809804988,0.9921982601527205,0.008504934517046713,2.0
3.6052949778806815,0.992211315870815,0.00850996595572025,2.0
3.6068291459563757,0.9922243792978863,0.008514990813760231,2.0
3.6083633140320694,0.9922374504238121,0.008520009073877281,2.0
3.6098974821077636,0.9922505292384406,0.008525020716931727,2.0
3.6114316501834574,0.9922636157315881,0.008530025721931763,2.0
3.612965818259151,0.9922767098930354,0.008535024066035837,2.0
3.6144999863348453,0.992289811712526,0.008540015724552317,2.0
3.616034154410539,0.992302921179762,0.008545000670943381,2.0
3.617568322486233,0.9923160382844027,0.008549978876828228,2.0
3.619102490561927,0.9923291630160606,0.008554950311987964,2.0
3.6206366586376206,0.9923422953642989,0.008559914944373255,2.0
3.622170826713315,0.9923554353186291,0.008564872740109778,2.0
3.6237049947890085,0.992368582868508,0.008569823663509746,2.0
3.6252391628647027,0.9923817380033347,0.008574767677079742,2.0
3.6267733309403964,0.9923949007124481,0.00857970474153503,2.0
3.62830749901609,0.992408070985124,0.008584634815811324,2.0
3.6298416670917844,0.9924212488105726,0.008589557857079818,2.0
3.631375835167478,0.9924344341779358,0.008594473820764285,2.0
3.6329100032431723,0.9924476270762843,0.008599382660558213,2.0
3.634444171318866,0.9924608274946152,0.008604284328444732,2.0
3.6359783393945597,0.9924740354218493,0.008609178774717308,2.0
3.637512507470254,0.9924872508468287,0.008614065948002386,2.0
3.6390466755459476,0.992500473758314,0.008618945795283908,2.0
3.640580843621642,0.992513704144982,0.008623818261929012,2.0
3.6421150116973355,0.9925269419954234,0.008628683291714385,2.0
3.6436491797730293,0.9925401872981401,0.00863354082685667,2.0
3.6451833478487234,0.9925534400415431,0.008638390808040878,2.0
3.646717515924417,0.9925667002139501,0.008643233174454177,2.0
3.6482516840001114,0.9925799678035833,0.008648067863818134,2.0
3.649785852075805,0.9925932427985669,0.008652894812423057,2.0
3.651320020151499,0.9926065251869254,0.00865771395516457,2.0
3.652854188227193,0.9926198149565814,0.00866252522558139,2.0
3.6543883563028867,0.9926331120953533,0.008667328555893068,2.0
3.6559225243785805,0.992646416590954,0.008672123877040876,2.0
3.6574566924542746,0.9926597284309879,0.00867691111872832,2.0
3.6589908605299684,0.9926730476029504,0.008681690209462639,2.0
3.6605250286056625,0.9926863740942249,0.008686461076599478,2.0
3.6620591966813563,0.9926997078920818,0.008691223646386219,2.0
3.66359336475705,0.9927130489836771,0.008695977844006263,2.0
3.665127532832744,0.9927263973560498,0.008700723593626641,2.0
3.666661700908438,0.9927397529961217,0.008705460818442345,2.0
3.668195868984132,0.9927531158906949,0.008710189440725491,2.0
3.669730037059826,0.9927664860264511,0.008714909381871321,2.0
3.6712642051355195,0.9927798633899502,0.008719620562447416,2.0
3.6727983732112137,0.9927932479676288,0.008724322902241921,2.0
3.6743325412869074,0.9928066397457996,0.008729016320312038,2.0
3.6758667093626016,0.9928200387106499,0.008733700735032634,2.0
3.6774008774382954,0.992833444848241,0.008738376064146288,2.0
3.678935045513989,0.9928468581445067,0.008743042224811183,2.0
3.6804692135896833,0.9928602785852533,0.008747699133649933,2.0
3.682003381665377,0.9928737061561582,0.008752346706799075,2.0
3.683537549741071,0.9928871408427697,0.00875698485995624,2.0
3.685071717816765,0.992900582630506,0.008761613508428589,2.0
3.6866058858924586,0.9929140315046546,0.008766232567180086,2.0
3.688140053968153,0.9929274874503726,0.008770841950878508,2.0
3.6896742220438465,0.9929409504526855,0.008775441573939932,2.0
3.6912083901195407,0.9929544204964872,0.0087800313505768,2.0
3.6927425581952344,0.9929678975665397,0.0087846111948393,2.0
3.694276726270928,0.9929813816474731,0.008789181020660938,2.0
3.6958108943466224,0.9929948727237852,0.008793740741900249,2.0
3.697345062422316,0.9930083707798417,0.008798290272381699,2.0
3.6988792304980103,0.9930218757998762,0.008802829525936473,2.0
3.700413398573704,0.9930353877679899,0.008807358416441138,2.0
3.7019475666493977,0.9930489066681522,0.008811876857855444,2.0
3.703481734725092,0.9930624324842006,0.008816384764257492,2.0
3.7050159028007856,0.993075965199841,0.008820882049880695,2.0
3.70655007087648,0.9930895047986481,0.008825368629144686,2.0
3.7080842389521735,0.9931030512640655,0.008829844416689438,2.0
3.7096184070278673,0.9931166045794064,0.008834309327403566,2.0
3.7111525751035614,0.9931301647278538,0.008838763276454456,2.0
3.712686743179255,0.9931437316924608,0.00884320617931501,2.0
3.7142209112549494,0.9931573054561518,0.00884763795178923,2.0
3.715755079330643,0.9931708860017221,0.008852058510035237,2.0
3.717289247406337,0.9931844733118391,0.008856467770589252,2.0
3.718823415482031,0.9931980673690429,0.008860865650384395,2.0
3.7203575835577247,0.9932116681557468,0.008865252066770505,2.0
3.721891751633419,0.9932252756542377,0.008869626937531558,2.0
3.7234259197091126,0.9932388898466772,0.008873990180900982,2.0
3.7249600877848064,0.9932525107151023,0.008878341715575916,2.0
3.7264942558605005,0.993266138241426,0.008882681460729142,2.0
3.7280284239361943,0.9932797724074377,0.008887009336020962,2.0
3.729562592011888,0.9932934131948047,0.00889132526160807,2.0
3.731096760087582,0.9933070605850723,0.008895629158151269,2.0
3.732630928163276,0.9933207145596652,0.00889992094682257,2.0
3.73416509623897,0.9933343750998875,0.008904200549310525,2.0
3.735699264314664,0.9933480421869244,0.008908467887822662,2.0
3.7372334323903575,0.9933617158018422,0.008912722885090483,2.0
3.7387676004660517,0.9933753959255897,0.008916965464368517,2.0
3.7403017685417455,0.9933890825389986,0.008921195549435879,2.0
3.7418359366174396,0.9934027756227847,0.008925413064596098,2.0
3.7433701046931334,0.9934164751575482,0.008929617934673902,2.0
3.744904272768827,0.9934301811237749,0.008933810085013942,2.0
3.7464384408445213,0.9934438935018369,0.00893798944147696,2.0
3.747972608920215,0.9934576122719933,0.008942155930435574,2.0
3.749506776995909,0.9934713374143909,0.008946309478770289,2.0
3.751040945071603,0.9934850689090652,0.008950450013863711,2.0
3.7525751131472966,0.9934988067359412,0.008954577463594904,2.0
3.754109281222991,0.9935125508748337,0.008958691756333495,2.0
3.7556434492986845,0.9935263013054486,0.008962792820933973,2.0
3.7571776173743787,0.9935400580073833,0.008966880586728789,2.0
3.7587117854500725,0.9935538209601276,0.008970954983521717,2.0
3.760245953525766,0.993567590143064,0.008975015941581737,2.0
3.7617801216014604,0.993581365535469,0.008979063391637496,2.0
3.763314289677154,0.9935951471165136,0.008983097264869696,2.0
3.7648484577528483,0.9936089348652638,0.008987117492906885,2.0
3.766382625828542,0.9936227287606813,0.00899112400781846,2.0
3.7679167939042357,0.9936365287816241,0.0089951167421124,2.0
3.76945096197993,0.9936503349068478,0.008999095628727652,2.0
3.7709851300556236,0.9936641471150055,0.009003060601033699,2.0
3.772519298131318,0.9936779653846486,0.00900701159282578,2.0
3.7740534662070115,0.9936917896942278,0.009010948538323174,2.0
3.7755876342827053,0.9937056200220934,0.009014871372168255,2.0
3.7771218023583994,0.9937194563464963,0.009018780029426826,2.0
3.778655970434093,0.9937332986455881,0.00902267444558812,2.0
3.7801901385097874,0.9937471468974223,0.009026554556566568,2.0
3.781724306585481,0.9937610010799547,0.009030420298705918,2.0
3.783258474661175,0.9937748611710441,0.009034271608782776,2.0
3.784792642736869,0.9937887271484529,0.009038108424012158,2.0
3.7863268108125627,0.9938025989898479,0.009041930682054318,2.0
3.787860978888257,0.9938164766728012,0.009045738321023396,2.0
3.7893951469639506,0.9938303601747901,0.00904953127949531,2.0
3.7909293150396444,0.993844249473199,0.009053309496520558,2.0
3.7924634831153385,0.9938581445453193,0.009057072911635829,2.0
3.7939976511910323,0.9938720453683503,0.009060821464876313,2.0
3.795531819266726,0.9938859519194001,0.009064555096792463,2.0
3.79706598734242,0.9938998641754867,0.009068273748466305,2.0
3.798600155418114,0.9939137821135382,0.009071977361527808,2.0
3.800134323493808,0.9939277057103941,0.009075665878176136,2.0
3.801668491569502,0.9939416349428064,0.00907933924119885,2.0
3.8032026596451955,0.9939555697874399,0.009082997393995039,2.0
3.8047368277208897,0.9939695102208738,0.00908664028059769,2.0
3.8062709957965835,0.9939834562196022,0.009090267845699261,2.0
3.8078051638722776,0.9939974077600355,0.009093880034677544,2.0
3.8093393319479714,0.9940113648185017,0.009097476793621518,2.0
3.810873500023665,0.9940253273712467,0.009101058069362091,2.0
3.8124076680993593,0.9940392953944365,0.009104623809499626,2.0
3.813941836175053,0.9940532688641575,0.009108173962435061,2.0
3.815476004250747,0.9940672477564185,0.009111708477401488,2.0
3.817010172326441,0.9940812320471518,0.009115227304496834,2.0
3.8185443404021346,0.9940952217122142,0.009118730394716544,2.0
3.820078508477829,0.9941092167273891,0.00912221769998826,2.0
3.8216126765535225,0.9941232170683872,0.00912568917320617,2.0
3.8231468446292167,0.9941372227108491,0.009129144768266291,2.0
3.8246810127049105,0.9941512336303457,0.009132584440103382,2.0
3.826215180780604,0.9941652498023806,0.009136008144724888,2.0
3.8277493488562984,0.9941792712023917,0.009139415839250455,2.0
3.829283516931992,0.9941932978057527,0.009142807481946338,2.0
3.8308176850076863,0.9942073295877752,0.009146183032264393,2.0
3.83235185308338,0.9942213665237106,0.009149542450876662,2.0
3.8338860211590737,0.9942354085887516,0.009152885699714432,2.0
3.835420189234768,0.9942494557580346,0.009156212742004571,2.0
3.8369543573104616,0.9942635080066418,0.009159523542304605,2.0
3.838488525386156,0.9942775653096029,0.009162818066540675,2.0
3.8400226934618495,0.9942916276418975,0.009166096282041652,2.0
3.8415568615375433,0.9943056949784574,0.009169358157574543,2.0
3.8430910296132375,0.9943197672941688,0.009172603663379174,2.0
3.844625197688931,0.9943338445638743,0.009175832771200924,2.0
3.8461593657646254,0.9943479267623757,0.009179045454324072,2.0
3.847693533840319,0.9943620138644361,0.0091822416876021,2.0
3.849227701916013,0.9943761058447826,0.009185421447489257,2.0
3.850761869991707,0.9943902026781087,0.00918858471206931,2.0
3.8522960380674007,0.9944043043390767,0.009191731461083336,2.0
3.853830206143095,0.9944184108023203,0.009194861675956418,2.0
3.8553643742187886,0.9944325220424477,0.009197975339821722,2.0
3.8568985422944824,0.9944466380340435,0.009201072437546134,2.0
3.8584327103701765,0.9944607587516721,0.0092041529557493,2.0
3.8599668784458703,0.9944748841698797,0.009207216882825412,2.0
3.861501046521564,0.9944890142631978,0.00921026420896149,2.0
3.863035214597258,0.9945031490061454,0.009213294926152232,2.0
3.864569382672952,0.9945172883732323,0.009216309028216673,2.0
3.866103550748646,0.9945314323389612,0.00921930651080844,2.0
3.86763771882434,0.9945455808778314,0.009222287371427584,2.0
3.8691718869000336,0.9945597339643408,0.009225251609428444,2.0
3.8707060549757277,0.9945738915729896,0.009228199226025541,2.0
3.8722402230514215,0.9945880536782823,0.009231130224298289,2.0
3.8737743911271156,0.9946022202547312,0.009234044609190884,2.0
3.8753085592028094,0.9946163912768592,0.009236942387515192,2.0
3.876842727278503,0.9946305667192021,0.00923982356794392,2.0
3.8783768953541973,0.9946447465563123,0.0092426881610094,2.0
3.879911063429891,0.9946589307627609,0.009245536179093152,2.0
3.881445231505585,0.994673119313141,0.009248367636418457,2.0
3.882979399581279,0.9946873121820701,0.009251182549037468,2.0
3.8845135676569726,0.9947015093441933,0.009253980934817416,2.0
3.886047735732667,0.994715710774186,0.009256762813424108,2.0
3.8875819038083606,0.994729916446756,0.009259528206302799,2.0
3.8891160718840547,0.9947441263366473,0.009262277136658541,2.0
3.8906502399597485,0.9947583404186418,0.009265009629431996,2.0
3.892184408035442,0.9947725586675623,0.009267725711274849,2.0
3.8937185761111364,0.9947867810582752,0.009270425410522289,2.0
3.89525274418683,0.9948010075656929,0.009273108757164488,2.0
3.8967869122625243,0.9948152381647762,0.009275775782813923,2.0
3.898321080338218,0.9948294728305369,0.009278426520673405,2.0
3.8998552484139117,0.9948437115380401,0.009281061005500519,2.0
3.901389416489606,0.9948579542624065,0.009283679273571054,2.0
3.9029235845652996,0.994872200978815,0.009286281362640224,2.0
3.904457752640994,0.9948864516625043,0.009288867311902812,2.0
3.9059919207166875,0.9949007062887755,0.009291437161950241,2.0
3.9075260887923813,0.994914964832994,0.00929399095472989,2.0
3.9090602568680755,0.9949292272705917,0.009296528733498038,2.0
3.910594424943769,0.9949434935770687,0.009299050542775487,2.0
3.9121285930194634,0.9949577637279953,0.009301556428299938,2.0
3.913662761095157,0.9949720376990137,0.009304046436978892,2.0
3.915196929170851,0.9949863154658398,0.00930652061683926,2.0
3.916731097246545,0.995000597004265,0.009308979016979212,2.0
3.9182652653222387,0.9950148822901573,0.00931142168751616,2.0
3.919799433397933,0.9950291712994633,0.009313848679536187,2.0
3.9213336014736266,0.9950434640082093,0.009316260045042688,2.0
3.9228677695493204,0.9950577603925027,0.009318655836903514,2.0
3.9244019376250145,0.9950720604285332,0.009321036108799518,2.0
3.9259361057007083,0.9950863640925742,0.0093234009151708,2.0
3.927470273776402,0.9951006713609835,0.009325750311165537,2.0
3.929004441852096,0.9951149822102046,0.009328084352586113,2.0
3.93053860992779,0.9951292966167675,0.009330403095837565,2.0
3.932072778003484,0.9951436145572898,0.00933270659787581,2.0
3.933606946079178,0.995157936008477,0.00933499491615522,2.0
3.9351411141548716,0.9951722609471234,0.009337268108577617,2.0
3.9366752822305657,0.9951865893501128,0.00933952623344245,2.0
3.9382094503062595,0.9952009211944192,0.009341769349396858,2.0
3.9397436183819536,0.9952152564571066,0.009343997515386115,2.0
3.9412777864576474,0.9952295951153303,0.009346210790606465,2.0
3.942811954533341,0.9952439371463363,0.009348409234458684,2.0
3.9443461226090353,0.9952582825274623,0.009350592906501075,2.0
3.945880290684729,0.9952726312361373,0.009352761866405972,2.0
3.947414458760423,0.9952869832498821,0.009354916173916896,2.0
3.948948626836117,0.9953013385463092,0.009357055888806448,2.0
3.9504827949118106,0.9953156971031227,0.009359181070836128,2.0
3.952016962987505,0.9953300588981184,0.009361291779718776,2.0
3.9535511310631986,0.9953444239091835,0.009363388075080224,2.0
3.9550852991388927,0.9953587921142966,0.009365470016426007,2.0
3.9566194672145865,0.9953731634915272,0.009367537663107184,2.0
3.95815363529028,0.9953875380190357,0.009369591074289038,2.0
3.9596878033659744,0.9954019156750729,0.009371630308921724,2.0
3.961221971441668,0.9954162964379796,0.009373655425713862,2.0
3.9627561395173623,0.9954306802861863,0.009375666483105564,2.0
3.964290307593056,0.9954450671982128,0.009377663539246515,2.0
3.9658244756687497,0.9954594571526676,0.00937964665197473,2.0
3.967358643744444,0.9954738501282473,0.00938161587879668,2.0
3.9688928118201376,0.9954882461037363,0.009383571276872038,2.0
3.970426979895832,0.9955026450580061,0.009385512902997306,2.0
3.9719611479715256,0.9955170469700148,0.009387440813595388,2.0
3.9734953160472193,0.9955314518188064,0.009389355064703769,2.0
3.9750294841229135,0.9955458595835104,0.009391255711967687,2.0
3.976563652198607,0.9955602702433409,0.009393142810633928,2.0
3.9780978202743014,0.9955746837775963,0.009395016415548036,2.0
3.979631988349995,0.9955891001656583,0.009396876581151275,2.0
3.981166156425689,0.9956035193869918,0.00939872336148373,2.0
3.982700324501383,0.9956179414211437,0.00940055681018614,2.0
3.9842344925770767,0.9956323662477428,0.009402376980504668,2.0
3.985768660652771,0.9956467938464989,0.009404183925299393,2.0
3.9873028287284646,0.9956612241972024,0.009405977697051857,2.0
3.9888369968041584,0.9956756572797235,0.0094077583478776,2.0
3.9903711648798526,0.995690093074012,0.009409525929539761,2.0
3.9919053329555463,0.9957045315600965,0.009411280493461393,2.0
3.9934395010312405,0.995718972718084,0.00941302209074599,2.0
3.994973669106934,0.9957334165281593,0.009414750772193146,2.0
3.996507837182628,0.9957478629705849,0.009416466588320014,2.0
3.998042005258322,0.9957623120257004,0.009418169589383126,2.0
3.999576173334016,0.9957767636739221,0.009419859825402133,2.0
4.00111034140971,0.9957912178957425,0.009421537346183336,2.0
4.002644509485403,0.9958056746717306,0.009423202201346762,2.0
4.0041786775610975,0.9958201339825311,0.009424854440353632,2.0
4.005712845636792,0.9958345958088642,0.00942649411253466,2.0
4.007247013712486,0.9958490601315261,0.00942812126711968,2.0
4.008781181788179,0.9958635269313878,0.009429735953267897,2.0
4.010315349863873,0.9958779961893961,0.00943133822010022,2.0
4.0118495179395675,0.9958924678865732,0.009432928116730684,2.0
4.013383686015261,0.9959069420040162,0.009434505692299845,2.0
4.014917854090955,0.9959214185228983,0.009436070996007634,2.0
4.016452022166649,0.9959358974244679,0.009437624077148026,2.0
4.017986190242342,0.9959503786900493,0.009439164985142462,2.0
4.019520358318037,0.995964862301043,0.009440693769574956,2.0
4.021054526393731,0.9959793482389258,0.009442210480226063,2.0
4.022588694469425,0.9959938364852511,0.00944371516710833,2.0
4.024122862545118,0.9960083270216497,0.009445207880499153,2.0
4.025657030620812,0.9960228198298297,0.009446688670977445,2.0
4.0271911986965065,0.9960373148915775,0.009448157589455271,2.0
4.0287253667722,0.9960518121887583,0.009449614687212135,2.0
4.030259534847894,0.9960663117033162,0.009451060015928997,2.0
4.031793702923588,0.9960808134172755,0.009452493627718847,2.0
4.0333278709992815,0.9960953173127413,0.00945391557515955,2.0
4.034862039074976,0.9961098233718997,0.009455325911324152,2.0
4.03639620715067,0.9961243315770194,0.009456724689810665,2.0
4.037930375226363,0.9961388419104521,0.009458111964770756,2.0
4.039464543302057,0.9961533543546334,0.009459487790937781,2.0
4.0409987113777515,0.9961678688920838,0.009460852223652184,2.0
4.042532879453446,0.9961823855054096,0.009462205318887858,2.0
4.044067047529139,0.9961969041773043,0.009463547133274458,2.0
4.045601215604833,0.996211424890549,0.009464877724121027,2.0
4.047135383680527,0.996225947628014,0.009466197149434814,2.0
4.048669551756221,0.9962404723726593,0.009467505467941754,2.0
4.050203719831915,0.9962549991075367,0.009468802739103045,2.0
4.051737887907609,0.9962695278157899,0.009470089023130415,2.0
4.053272055983302,0.9962840584806565,0.009471364381000278,2.0
4.054806224058996,0.9962985910854686,0.009472628874464761,2.0
4.0563403921346906,0.9963131256136544,0.009473882566061985,2.0
4.057874560210385,0.996327662048739,0.009475125519123986,2.0
4.059408728286078,0.9963422003743462,0.009476357797780888,2.0
4.060942896361772,0.9963567405741992,0.009477579466966887,2.0
4.062477064437466,0.9963712826321223,0.009478790592419978,2.0
4.06401123251316,0.9963858265320416,0.009479991240681511,2.0
4.065545400588854,0.9964003722579866,0.009481181479094084,2.0
4.067079568664548,0.9964149197940916,0.009482361375795542,2.0
4.068613736740241,0.9964294691245962,0.009483530999712275,2.0
4.0701479048159355,0.9964440202338473,0.009484690420549554,2.0
4.07168207289163,0.9964585731062996,0.00948583970878027,2.0
4.073216240967324,0.9964731277265174,0.009486978935629898,2.0
4.074750409043017,0.9964876840791752,0.00948810817306118,2.0
4.076284577118711,0.9965022421490591,0.009489227493755985,2.0
4.0778187451944055,0.9965168019210677,0.009490336971093825,2.0
4.079352913270099,0.9965313633802133,0.009491436679129286,2.0
4.080887081345793,0.9965459265116228,0.009492526692568377,2.0
4.082421249421487,0.9965604913005385,0.009493607086739683,2.0
4.08395541749718,0.9965750577323192,0.009494677937566729,2.0
4.085489585572875,0.9965896257924415,0.009495739321535692,2.0
4.087023753648569,0.9966041954664995,0.009496791315663543,2.0
4.088557921724263,0.9966187667402067,0.009497833997461652,2.0
4.090092089799956,0.9966333395993958,0.009498867444899995,2.0
4.09162625787565,0.9966479140300203,0.00949989173636765,2.0
4.0931604259513445,0.9966624900181541,0.009500906950632234,2.0
4.094694594027038,0.9966770675499926,0.009501913166798397,2.0
4.096228762102732,0.996691646611853,0.009502910464262708,2.0
4.097762930178426,0.9967062271901749,0.00950389892266933,2.0
4.0992970982541195,0.9967208092715198,0.00950487862186201,2.0
4.100831266329814,0.9967353928425727,0.009505849641837144,2.0
4.102365434405508,0.996749977890141,0.009506812062692339,2.0
4.103899602481201,0.996764564401155,0.009507765964576916,2.0
4.105433770556895,0.9967791523626683,0.009508711427639698,2.0
4.1069679386325895,0.9967937417618572,0.009509648531974961,2.0
4.108502106708284,0.9968083325860206,0.009510577357569114,2.0
4.110036274783977,0.9968229248225801,0.009511497984246095,2.0
4.111570442859671,0.9968375184590792,0.009512410491610616,2.0
4.113104610935365,0.9968521134831833,0.0095133149589931,2.0
4.114638779011059,0.9968667098826789,0.009514211465391779,2.0
4.116172947086753,0.9968813076454731,0.009515100089415345,2.0
4.117707115162447,0.9968959067595929,0.009515980909226212,2.0
4.11924128323814,0.9969105072131846,0.009516854002481348,2.0
4.120775451313834,0.9969251089945125,0.009517719446274798,2.0
4.122309619389529,0.9969397120919584,0.009518577317079639,2.0
4.123843787465223,0.9969543164940203,0.009519427690689058,2.0
4.125377955540916,0.9969689221893115,0.00952027064215931,2.0
4.12691212361661,0.9969835291665591,0.009521106245751773,2.0
4.128446291692304,0.9969981374146027,0.009521934574875596,2.0
4.129980459767998,0.9970127469223934,0.009522755702030537,2.0
4.131514627843692,0.9970273576789919,0.009523569698751747,2.0
4.133048795919386,0.9970419696735671,0.009524376635553734,2.0
4.134582963995079,0.9970565828953943,0.009525176581874815,2.0
4.1361171320707735,0.997071197333854,0.009525969606024963,2.0
4.137651300146468,0.9970858129784291,0.009526755775131427,2.0
4.139185468222162,0.9971004298187042,0.00952753515508829,2.0
4.140719636297855,0.9971150478443624,0.009528307810504698,2.0
4.142253804373549,0.9971296670451845,0.00952907380465665,2.0
4.1437879724492435,0.9971442874110458,0.009529833199438157,2.0
4.145322140524937,0.9971589089319145,0.009530586055315806,2.0
4.146856308600631,0.9971735315978494,0.009531332431282537,2.0
4.148390476676325,0.9971881553989974,0.009532072384815578,2.0
4.149924644752018,0.9972027803255912,0.00953280597183378,2.0
4.151458812827713,0.9972174063679468,0.009533533246658555,2.0
4.152992980903407,0.9972320335164611,0.009534254261975357,2.0
4.154527148979101,0.9972466617616091,0.009534969068797517,2.0
4.156061317054794,0.9972612910939418,0.009535677716432833,2.0
4.157595485130488,0.9972759215040827,0.009536380252450165,2.0
4.1591296532061826,0.9972905529827261,0.009537076722650695,2.0
4.160663821281876,0.9973051855206333,0.00953776717103946,2.0
4.16219798935757,0.9973198191086307,0.00953845163979905,2.0
4.163732157433264,0.9973344537376062,0.009539130169267697,2.0
4.1652663255089575,0.9973490893985072,0.00953980279791629,2.0
4.166800493584652,0.9973637260823368,0.009540469562331021,2.0
4.168334661660346,0.9973783637801517,0.009541130497195509,2.0
4.169868829736039,0.9973930024830584,0.00954178563527793,2.0
4.171402997811733,0.9974076421822111,0.009542435007418422,2.0
4.1729371658874275,0.9974222828688083,0.00954307864251926,2.0
4.174471333963122,0.9974369245340897,0.009543716567539424,2.0
4.176005502038815,0.9974515671693335,0.0095443488074891,2.0
4.177539670114509,0.9974662107658531,0.00954497538542696,2.0
4.179073838190203,0.9974808553149944,0.00954559632246245,2.0
4.180608006265897,0.9974955008081329,0.00954621163775666,2.0
4.182142174341591,0.9975101472366702,0.009546821348528772,2.0
4.183676342417285,0.9975247945920315,0.009547425470063714,2.0
4.185210510492978,0.9975394428656623,0.009548024015721147,2.0
4.186744678568672,0.9975540920490261,0.009548616996949508,2.0
4.188278846644367,0.9975687421336006,0.009549204423299717,2.0
4.189813014720061,0.9975833931108755,0.009549786302442308,2.0
4.191347182795754,0.9975980449723494,0.009550362640187816,2.0
4.192881350871448,0.9976126977095269,0.009550933440507788,2.0
4.194415518947142,0.997627351313916,0.009551498705558928,2.0
4.195949687022836,0.9976420057770252,0.009552058435708732,2.0
4.19748385509853,0.997656661090361,0.009552612629564512,2.0
4.199018023174224,0.9976713172454249,0.009553161284003292,2.0
4.200552191249917,0.9976859742337111,0.009553704394204006,2.0
4.2020863593256115,0.9977006320467039,0.009554241953682388,2.0
4.203620527401306,0.997715290675875,0.009554773954326383,2.0
4.205154695477,0.9977299501126816,0.009555300386434864,2.0
4.206688863552693,0.9977446103485631,0.009555821238756713,2.0
4.208223031628387,0.9977592713749397,0.009556336498533258,2.0
4.2097571997040815,0.9977739331832097,0.009556846151540387,2.0
4.211291367779775,0.9977885957647474,0.009557350182134055,2.0
4.212825535855469,0.997803259110901,0.00955784857329595,2.0
4.214359703931163,0.9978179232129902,0.009558341306680701,2.0
4.215893872006856,0.9978325880623052,0.009558828362665951,2.0
4.217428040082551,0.997847253650104,0.009559309720400274,2.0
4.218962208158245,0.9978619199676104,0.00955978535785696,2.0
4.220496376233939,0.9978765870060133,0.00956025525188356,2.0
4.222030544309632,0.9978912547564641,0.009560719378257702,2.0
4.223564712385326,0.9979059232100755,0.00956117771173843,2.0
4.225098880461021,0.9979205923579201,0.00956163022612317,2.0
4.226633048536714,0.9979352621910287,0.009562076894301968,2.0
4.228167216612408,0.9979499327003893,0.009562517688313843,2.0
4.229701384688102,0.9979646038769461,0.00956295257940367,2.0
4.2312355527637955,0.9979792757115975,0.00956338153807873,2.0
4.23276972083949,0.997993948195196,0.009563804534165846,2.0
4.234303888915184,0.9980086213185467,0.009564221536869108,2.0
4.235838056990877,0.9980232950724067,0.00956463251482718,2.0
4.237372225066571,0.9980379694474841,0.009565037436171011,2.0
4.2389063931422655,0.9980526444344375,0.00956543626858138,2.0
4.24044056121796,0.9980673200238752,0.009565828979345763,2.0
4.241974729293653,0.9980819962063548,0.009566215535415604,2.0
4.243508897369347,0.998096672972383,0.0095665959034628,2.0
4.245043065445041,0.9981113503124147,0.009566970049936237,2.0
4.246577233520735,0.9981260282168534,0.00956733794111751,2.0
4.248111401596429,0.9981407066760504,0.009567699543174352,2.0
4.249645569672123,0.9981553856803052,0.009568054822217727,2.0
4.251179737747816,0.9981700652198651,0.009568403744352279,2.0
4.25271390582351,0.9981847452849257,0.009568746275731257,2.0
4.254248073899205,0.9981994258656308,0.009569082382606736,2.0
4.255782241974899,0.9982141069520726,0.009569412031380215,2.0
4.257316410050592,0.9982287885342919,0.009569735188652456,2.0
4.258850578126286,0.9982434706022788,0.00957005182127153,2.0
4.26038474620198,0.9982581531459731,0.009570361896379366,2.0
4.261918914277674,0.9982728361552645,0.009570665381457764,2.0
4.263453082353368,0.9982875196199935,0.009570962244371609,2.0
4.264987250429062,0.9983022035299519,0.009571252453412376,2.0
4.266521418504755,0.9983168878748837,0.009571535977337477,2.0
4.2680555865804495,0.9983315726444856,0.009571812785412755,2.0
4.269589754656144,0.998346257828408,0.009572082847446173,2.0
4.271123922731838,0.998360943416256,0.009572346133827096,2.0
4.272658090807531,0.9983756293975902,0.009572602615558472,2.0
4.274192258883225,0.9983903157619274,0.009572852264289076,2.0
4.2757264269589195,0.9984050024987423,0.009573095052345524,2.0
4.277260595034613,0.9984196895974681,0.009573330952759238,2.0
4.278794763110307,0.9984343770474977,0.009573559939292915,2.0
4.280328931186001,0.998449064838185,0.009573781986466997,2.0
4.281863099261694,0.9984637529588459,0.009573997069577869,2.0
4.283397267337389,0.9984784413987597,0.009574205164723824,2.0
4.284931435413083,0.9984931301471704,0.009574406248818666,2.0
4.286465603488777,0.9985078191932877,0.009574600299610016,2.0
4.28799977156447,0.9985225085262883,0.009574787295692791,2.0
4.289533939640164,0.9985371981353177,0.009574967216521641,2.0
4.291068107715859,0.9985518880094911,0.009575140042419383,2.0
4.292602275791552,0.9985665781378948,0.009575305754586315,2.0
4.294136443867246,0.9985812685095877,0.009575464335102942,2.0
4.29567061194294,0.9985959591136024,0.009575615766936524,2.0
4.2972047800186335,0.998610649938947,0.009575760033939016,2.0
4.298738948094328,0.998625340974606,0.009575897120846855,2.0
4.300273116170022,0.9986400322095418,0.009576027013279012,2.0
4.301807284245716,0.9986547236326961,0.009576149697729668,2.0
4.303341452321409,0.9986694152329914,0.009576265161560392,2.0
4.3048756203971035,0.9986841069993319,0.009576373392992707,2.0
4.306409788472798,0.998698798920605,0.009576474381093157,2.0
4.307943956548491,0.9987134909856829,0.009576568115761998,2.0
4.309478124624185,0.9987281831834233,0.009576654587715375,2.0
4.311012292699879,0.9987428755026709,0.009576733788469353,2.0
4.312546460775573,0.9987575679322588,0.009576805710317375,2.0
4.314080628851267,0.9987722604610092,0.009576870346310249,2.0
4.315614796926961,0.9987869530777348,0.0095769276902331,2.0
4.317148965002654,0.9988016457712399,0.009576977736576424,2.0
4.318683133078348,0.9988163385303214,0.009577020480512989,2.0
4.320217301154043,0.9988310313437697,0.009577055917865833,2.0
4.321751469229737,0.9988457242003699,0.009577084045077733,2.0
4.32328563730543,0.9988604170889024,0.009577104859180088,2.0
4.324819805381124,0.998875109998144,0.00957711835775784,2.0
4.326353973456818,0.9988898029168686,0.009577124538912966,2.0
4.327888141532512,0.9989044958355932,0.009577124538912966,1.0
4.329422309608206,0.9989191887543177,0.009577124538912966,1.0
4.3309564776839,0.9989338816730423,0.009577124538912966,1.0
4.332490645759593,0.9989485745917669,0.009577124538912966,1.0
4.3340248138352875,0.9989632675104915,0.009577124538912966,1.0
4.335558981910982,0.998977960429216,0.009577124538912966,1.0
4.337093149986676,0.9989926533479406,0.009577124538912966,1.0
4.338627318062369,0.9990073462666652,0.009577124538912966,1.0
4.340161486138063,0.9990220391853898,0.009577124538912966,1.0
4.3416956542137575,0.9990367321041144,0.009577124538912966,1.0
4.343229822289451,0.999051425022839,0.009577124538912966,1.0
4.344763990365145,0.9990661179415635,0.009577124538912966,1.0
4.346298158440839,0.9990808108602881,0.009577124538912966,1.0
4.347832326516532,0.9990955037790127,0.009577124538912966,1.0
4.349366494592227,0.9991101966977373,0.009577124538912966,1.0
4.350900662667921,0.9991248896164618,0.009577124538912966,1.0
4.352434830743615,0.9991395825351864,0.009577124538912966,1.0
4.353968998819308,0.999154275453911,0.009577124538912966,1.0
4.355503166895002,0.9991689683726356,0.009577124538912966,1.0
4.357037334970697,0.9991836612913602,0.009577124538912966,1.0
4.35857150304639,0.9991983542100847,0.009577124538912966,1.0
4.360105671122084,0.9992130471288093,0.009577124538912966,1.0
4.361639839197778,0.9992277400475339,0.009577124538912966,1.0
4.3631740072734715,0.9992424329662585,0.009577124538912966,1.0
4.364708175349166,0.999257125884983,0.009577124538912966,1.0
4.36624234342486,0.9992718188037076,0.009577124538912966,1.0
4.367776511500554,0.9992865117224322,0.009577124538912966,1.0
4.369310679576247,0.9993012046411568,0.009577124538912966,1.0
4.3708448476519415,0.9993158975598814,0.009577124538912966,1.0
4.372379015727636,0.999330590478606,0.009577124538912966,1.0
4.373913183803329,0.9993452833973305,0.009577124538912966,1.0
4.375447351879023,0.9993599763160551,0.009577124538912966,1.0
4.376981519954717,0.9993746692347797,0.009577124538912966,1.0
4.378515688030411,0.9993893621535043,0.009577124538912966,1.0
4.380049856106105,0.9994040550722288,0.009577124538912966,1.0
4.381584024181799,0.9994187479909534,0.009577124538912966,1.0
4.383118192257492,0.999433440909678,0.009577124538912966,1.0
4.384652360333186,0.9994481338284026,0.009577124538912966,1.0
4.386186528408881,0.9994628267471272,0.009577124538912966,1.0
4.387720696484575,0.9994775196658517,0.009577124538912966,1.0
4.389254864560268,0.9994922125845763,0.009577124538912966,1.0
4.390789032635962,0.9995069055033009,0.009577124538912966,1.0
4.392323200711656,0.9995215984220255,0.009577124538912966,1.0
4.39385736878735,0.9995362913407501,0.009577124538912966,1.0
4.395391536863044,0.9995509842594746,0.009577124538912966,1.0
4.396925704938738,0.9995656771781992,0.009577124538912966,1.0
4.398459873014431,0.9995803700969238,0.009577124538912966,1.0
4.3999940410901255,0.9995950630156484,0.009577124538912966,1.0
4.40152820916582,0.999609755934373,0.009577124538912966,1.0
4.403062377241514,0.9996244488530975,0.009577124538912966,1.0
4.404596545317207,0.9996391417718221,0.009577124538912966,1.0
4.406130713392901,0.9996538346905467,0.009577124538912966,1.0
4.4076648814685955,0.9996685276092713,0.009577124538912966,1.0
4.409199049544289,0.9996832205279959,0.009577124538912966,1.0
4.410733217619983,0.9996979134467204,0.009577124538912966,1.0
4.412267385695677,0.999712606365445,0.009577124538912966,1.0
4.41380155377137,0.9997272992841696,0.009577124538912966,1.0
4.415335721847065,0.9997419922028942,0.009577124538912966,1.0
4.416869889922759,0.9997566851216187,0.009577124538912966,1.0
4.418404057998453,0.9997713780403433,0.009577124538912966,1.0
4.419938226074146,0.9997860709590679,0.009577124538912966,1.0
4.42147239414984,0.9998007638777925,0.009577124538912966,1.0
4.423006562225535,0.9998154567965171,0.009577124538912966,1.0
4.424540730301228,0.9998301497152416,0.009577124538912966,1.0
4.426074898376922,0.9998448426339662,0.009577124538912966,1.0
4.427609066452616,0.9998595355526908,0.009577124538912966,1.0
4.4291432345283095,0.9998742284714154,0.009577124538912966,1.0
4.430677402604004,0.99988892139014,0.009577124538912966,1.0
4.432211570679698,0.9999036143088645,0.009577124538912966,1.0
4.433745738755392,0.9999183072275891,0.009577124538912966,1.0
4.435279906831085,0.9999330001463137,0.009577124538912966,1.0
4.4368140749067795,0.9999476930650383,0.009577124538912966,1.0
4.438348242982474,0.9999623859837629,0.009577124538912966,1.0
4.439882411058167,0.9999770789024874,0.009577124538912966,1.0
4.441416579133861,0.999991771821212,0.009577124538912966,1.0
4.442950747209555,1.0000064647399365,0.009577124538912966,1.0
4.444484915285249,1.000021157658661,0.009577124538912966,1.0
4.446019083360943,1.0000358505773856,0.009577124538912966,1.0
4.447553251436637,1.0000505434961102,0.009577124538912966,1.0
4.44908741951233,1.0000652364148348,0.009577124538912966,1.0
4.450621587588024,1.0000799293335594,0.009577124538912966,1.0
4.452155755663719,1.000094622252284,0.009577124538912966,1.0
4.453689923739413,1.0001093151710085,0.009577124538912966,1.0
4.455224091815106,1.0001240080897331,0.009577124538912966,1.0
4.4567582598908,1.0001387010084577,0.009577124538912966,1.0
4.458292427966494,1.0001533939271823,0.009577124538912966,1.0
4.459826596042188,1.0001680868459069,0.009577124538912966,1.0
4.461360764117882,1.0001827797646314,0.009577124538912966,1.0
4.462894932193576,1.000197472683356,0.009577124538912966,1.0
4.464429100269269,1.0002121656020806,0.009577124538912966,1.0
4.4659632683449635,1.0002268585208052,0.009577124538912966,1.0
4.467497436420658,1.0002415514395298,0.009577124538912966,1.0
4.469031604496352,1.0002562443582543,0.009577124538912966,1.0
4.470565772572045,1.000270937276979,0.009577124538912966,1.0
4.472099940647739,1.0002856301957035,0.009577124538912966,1.0
4.4736341087234335,1.000300323114428,0.009577124538912966,1.0
4.475168276799127,1.0003150160331526,0.009577124538912966,1.0
4.476702444874821,1.0003297089518772,0.009577124538912966,1.0
4.478236612950515,1.0003444018706018,0.009577124538912966,1.0
4.479770781026208,1.0003590947893264,0.009577124538912966,1.0
4.481304949101903,1.000373787708051,0.009577124538912966,1.0
4.482839117177597,1.0003884806267755,0.009577124538912966,1.0
4.484373285253291,1.0004031735455001,0.009577124538912966,1.0
4.485907453328984,1.0004178664642247,0.009577124538912966,1.0
4.487441621404678,1.0004325593829493,0.009577124538912966,1.0
4.488975789480373,1.0004472523016739,0.009577124538912966,1.0
4.490509957556066,1.0004619452203984,0.009577124538912966,1.0
4.49204412563176,1.000476638139123,0.009577124538912966,1.0
4.493578293707454,1.0004913310578476,0.009577124538912966,1.0
4.4951124617831475,1.0005060239765722,0.009577124538912966,1.0
4.496646629858842,1.0005207168952968,0.009577124538912966,1.0
4.498180797934536,1.0005354098140213,0.009577124538912966,1.0
4.49971496601023,1.000550102732746,0.009577124538912966,1.0
4.501249134085923,1.0005647956514705,0.009577124538912966,1.0
4.5027833021616175,1.000579488570195,0.009577124538912966,1.0
4.504317470237312,1.0005941814889197,0.009577124538912966,1.0
4.505851638313005,1.0006088744076442,0.009577124538912966,1.0
4.507385806388699,1.0006235673263688,0.009577124538912966,1.0
4.508919974464393,1.0006382602450934,0.009577124538912966,1.0
4.510454142540087,1.000652953163818,0.009577124538912966,1.0
4.511988310615781,1.0006676460825426,0.009577124538912966,1.0
4.513522478691475,1.0006823390012671,0.009577124538912966,1.0
4.515056646767168,1.0006970319199917,0.009577124538912966,1.0
4.516590814842862,1.0007117248387163,0.009577124538912966,1.0
4.518124982918557,1.0007264177574409,0.009577124538912966,1.0
4.519659150994251,1.0007411106761654,0.009577124538912966,1.0
4.521193319069944,1.00075580359489,0.009577124538912966,1.0
4.522727487145638,1.0007704965136146,0.009577124538912966,1.0
4.524261655221332,1.0007851894323392,0.009577124538912966,1.0
4.525795823297026,1.0007998823510638,0.009577124538912966,1.0
4.52732999137272,1.0008145752697883,0.009577124538912966,1.0
4.528864159448414,1.000829268188513,0.009577124538912966,1.0
4.530398327524107,1.0008439611072375,0.009577124538912966,1.0
4.5319324955998015,1.000858654025962,0.009577124538912966,1.0
4.533466663675496,1.0008733469446867,0.009577124538912966,1.0
4.53500083175119,1.0008880398634112,0.009577124538912966,1.0
4.536534999826883,1.0009027327821358,0.009577124538912966,1.0
4.538069167902577,1.0009174257008604,0.009577124538912966,1.0
4.5396033359782715,1.000932118619585,0.009577124538912966,1.0
4.541137504053965,1.0009468115383096,0.009577124538912966,1.0
4.542671672129659,1.0009615044570341,0.009577124538912966,1.0
4.544205840205353,1.0009761973757587,0.009577124538912966,1.0
4.545740008281046,1.0009908902944833,0.009577124538912966,1.0
4.547274176356741,1.0010055832132079,0.009577124538912966,1.0
4.548808344432435,1.0010202761319325,0.009577124538912966,1.0
4.550342512508129,1.001034969050657,0.009577124538912966,1.0
4.551876680583822,1.0010496619693816,0.009577124538912966,1.0
4.553410848659516,1.0010643548881062,0.009577124538912966,1.0
4.554945016735211,1.0010790478068308,0.009577124538912966,1.0
4.556479184810904,1.0010937407255553,0.009577124538912966,1.0
4.558013352886598,1.00110843364428,0.009577124538912966,1.0
4.559547520962292,1.0011231265630045,0.009577124538912966,1.0
4.5610816890379855,1.001137819481729,0.009577124538912966,1.0
4.56261585711368,1.0011525124004537,0.009577124538912966,1.0
4.564150025189374,1.0011672053191782,0.009577124538912966,1.0
4.565684193265068,1.0011818982379028,0.009577124538912966,1.0
4.567218361340761,1.0011965911566274,0.009577124538912966,1.0
4.5687525294164555,1.001211284075352,0.009577124538912966,1.0
4.57028669749215,1.0012259769940766,0.009577124538912966,1.0
4.571820865567843,1.0012406699128011,0.009577124538912966,1.0
4.573355033643537,1.0012553628315257,0.009577124538912966,1.0
4.574889201719231,1.0012700557502503,0.009577124538912966,1.0
4.576423369794925,1.0012847486689749,0.009577124538912966,1.0
4.577957537870619,1.0012994415876995,0.009577124538912966,1.0
4.579491705946313,1.001314134506424,0.009577124538912966,1.0
4.581025874022006,1.0013288274251486,0.009577124538912966,1.0
4.5825600420977,1.0013435203438732,0.009577124538912966,1.0
4.584094210173395,1.0013582132625978,0.009577124538912966,1.0
4.585628378249089,1.0013729061813224,0.009577124538912966,1.0
4.587162546324782,1.001387599100047,0.009577124538912966,1.0
4.588696714400476,1.0014022920187715,0.009577124538912966,1.0
4.59023088247617,1.001416984937496,0.009577124538912966,1.0
4.591765050551864,1.0014316778562207,0.009577124538912966,1.0
4.593299218627558,1.0014463707749452,0.009577124538912966,1.0
4.594833386703252,1.0014610636936698,0.009577124538912966,1.0
4.596367554778945,1.0014757566123944,0.009577124538912966,1.0
4.5979017228546395,1.001490449531119,0.009577124538912966,1.0
4.599435890930334,1.0015051424498436,0.009577124538912966,1.0
4.600970059006028,1.0015198353685681,0.009577124538912966,1.0
4.602504227081721,1.0015345282872927,0.009577124538912966,1.0
4.604038395157415,1.0015492212060173,0.009577124538912966,1.0
4.6055725632331095,1.0015639141247419,0.009577124538912966,1.0
4.607106731308803,1.0015786070434665,0.009577124538912966,1.0
4.608640899384497,1.001593299962191,0.009577124538912966,1.0
4.610175067460191,1.0016079928809156,0.009577124538912966,1.0
4.611709235535884,1.0016226857996402,0.009577124538912966,1.0
4.613243403611579,1.0016373787183648,0.009577124538912966,1.0
4.614777571687273,1.0016520716370894,0.009577124538912966,1.0
4.616311739762967,1.001666764555814,0.009577124538912966,1.0
4.61784590783866,1.0016814574745385,0.009577124538912966,1.0
4.619380075914354,1.001696150393263,0.009577124538912966,1.0
4.620914243990049,1.0017108433119877,0.009577124538912966,1.0
4.622448412065742,1.0017255362307123,0.009577124538912966,1.0
4.623982580141436,1.0017402291494368,0.009577124538912966,1.0
4.62551674821713,1.0017549220681614,0.009577124538912966,1.0
4.6270509162928235,1.001769614986886,0.009577124538912966,1.0
4.628585084368518,1.0017843079056106,0.009577124538912966,1.0
4.630119252444212,1.0017990008243352,0.009577124538912966,1.0
4.631653420519906,1.0018136937430597,0.009577124538912966,1.0
4.633187588595599,1.0018283866617843,0.009577124538912966,1.0
4.6347217566712935,1.0018430795805089,0.009577124538912966,1.0
4.636255924746988,1.0018577724992335,0.009577124538912966,1.0
4.637790092822681,1.001872465417958,0.009577124538912966,1.0
4.639324260898375,1.0018871583366826,0.009577124538912966,1.0
4.640858428974069,1.0019018512554072,0.009577124538912966,1.0
4.642392597049763,1.0019165441741318,0.009577124538912966,1.0
4.643926765125457,1.0019312370928564,0.009577124538912966,1.0
4.645460933201151,1.001945930011581,0.009577124538912966,1.0
4.646995101276844,1.0019606229303055,0.009577124538912966,1.0
4.648529269352538,1.00197531584903,0.009577124538912966,1.0
4.650063437428233,1.0019900087677547,0.009577124538912966,1.0
4.651597605503927,1.0020047016864793,0.009577124538912966,1.0
4.65313177357962,1.0020193946052038,0.009577124538912966,0.0
4.654665941655314,1.0020340875239284,0.009577124538912966,0.0
4.656200109731008,1.002048780442653,0.009577124538912966,0.0
4.657734277806702,1.0020634733613776,0.009577124538912966,0.0
4.659268445882396,1.0020781662801022,0.009577124538912966,0.0
4.66080261395809,1.0020928591988267,0.009577124538912966,0.0
4.662336782033783,1.0021075521175513,0.009577124538912966,0.0
4.6638709501094775,1.002122245036276,0.009577124538912966,0.0
4.665405118185172,1.0021369379550005,0.009577124538912966,0.0
4.666939286260866,1.002151630873725,0.009577124538912966,0.0
4.668473454336559,1.0021663237924496,0.009577124538912966,0.0
4.670007622412253,1.0021810167111742,0.009577124538912966,0.0
4.6715417904879475,1.0021957096298988,0.009577124538912966,0.0
4.673075958563641,1.0022104025486234,0.009577124538912966,0.0
4.674610126639335,1.002225095467348,0.009577124538912966,0.0
4.676144294715029,1.0022397883860725,0.009577124538912966,0.0
4.677678462790722,1.002254481304797,0.009577124538912966,0.0
4.679212630866417,1.0022691742235217,0.009577124538912966,0.0
4.680746798942111,1.0022838671422463,0.009577124538912966,0.0
4.682280967017805,1.0022985600609708,0.009577124538912966,0.0
4.683815135093498,1.0023132529796954,0.009577124538912966,0.0
4.685349303169192,1.00232794589842,0.009577124538912966,0.0
4.686883471244887,1.0023426388171446,0.009577124538912966,0.0
4.68841763932058,1.0023573317358692,0.009577124538912966,0.0
4.689951807396274,1.0023720246545937,0.009577124538912966,0.0
4.691485975471968,1.0023867175733183,0.009577124538912966,0.0
4.6930201435476615,1.002401410492043,0.009577124538912966,0.0
4.694554311623356,1.0024161034107675,0.009577124538912966,0.0
4.69608847969905,1.002430796329492,0.009577124538912966,0.0
4.697622647774744,1.0024454892482166,0.009577124538912966,0.0
4.699156815850437,1.0024601821669412,0.009577124538912966,0.0
4.7006909839261315,1.0024748750856658,0.009577124538912966,0.0
4.702225152001826,1.0024895680043904,0.009577124538912966,0.0
4.703759320077519,1.002504260923115,0.009577124538912966,0.0
4.705293488153213,1.0025189538418395,0.009577124538912966,0.0
4.706827656228907,1.0025336467605641,0.009577124538912966,0.0
4.708361824304601,1.0025483396792887,0.009577124538912966,0.0
4.709895992380295,1.0025630325980133,0.009577124538912966,0.0
4.711430160455989,1.0025777255167378,0.009577124538912966,0.0
4.712964328531683,1.0025924184354624,0.009577124538912966,0.0
4.714498496607376,1.002607111354187,0.009577124538912966,0.0
4.716032664683071,1.0026218042729116,0.009577124538912966,0.0
4.717566832758765,1.0026364971916362,0.009577124538912966,0.0
4.719101000834458,1.0026511901103607,0.009577124538912966,0.0
4.720635168910152,1.0026658830290853,0.009577124538912966,0.0
4.722169336985846,1.00268057594781,0.009577124538912966,0.0
4.72370350506154,1.0026952688665345,0.009577124538912966,0.0
4.725237673137234,1.002709961785259,0.009577124538912966,0.0
4.726771841212928,1.0027246547039836,0.009577124538912966,0.0
4.728306009288621,1.0027393476227082,0.009577124538912966,0.0
